node_id,building_density,mean_centroid_distance,poi_density,degree,closeness,betweenness,straightness,information,avg_neighbor_deg,clustering,local_efficiency
0,0.0,0.0,0.0,4.0,0.0003512507690284,0.0036256715906448,0.0092842512160789,0.0002967814993769,2.25,0.0,0.0
1,0.1161449044813132,121.21373518398568,0.0,1.0,0.0003289697600761,0.0,0.0091426071933227,0.0002523670598486,4.0,0.0,0.0
2,0.0,0.0,6.862354298920999e-05,1.0,0.0003469309502358,0.0,0.0096417780177681,0.0002523670598486,4.0,0.0,0.0
3,0.0066884917079145,0.0,0.0,1.0,0.0003302175279018,0.0,0.0093718694842312,0.0002259764188194,2.0,0.0,0.0
4,0.0,0.0,0.0,2.0,0.0003461674554644,0.0018143656145589,0.0093538726810266,0.0002609439571181,2.0,0.0,0.0
5,0.3938923255699715,112.90579937220984,0.0,3.0,0.0003630107754796,0.004124392661763,0.0093170934376362,0.0003085238509223,2.6666666666666665,0.0,0.0
6,0.94651250291427,14.525080421177064,0.0,0.0,0.0,0.0,0.0,0.0,0.0,0.0,0.0
7,0.5208084740159664,102.21378682726782,0.0002087641752007,0.0,0.0,0.0,0.0,0.0,0.0,0.0,0.0
8,0.0,0.0,0.0,3.0,0.0003495273639883,0.0107944045331603,0.0090455574943747,0.0002946530103554,3.0,0.0,0.0
9,0.1273481984589055,82.18414581314026,0.0001772651447547,4.0,0.0003675041594413,0.0139641899913106,0.0092293470740347,0.0003295964388415,3.25,0.0,0.0
10,0.5400009661434718,96.97168119604554,3.698927639621683e-05,2.0,0.0004190459947454,4.283493862365223e-05,0.0098358076930949,0.0003221390236216,2.0,0.0,0.0
11,0.5392491861947205,57.66313147139219,0.000171357918111,2.0,0.0004112669078199,0.0003732758937203,0.0100115475606298,0.000325134741523,2.5,0.0,0.0
12,0.1842386468064131,109.98206159321872,0.0,2.0,0.0004202805334492,0.001477805382516,0.0094311465806276,0.0003410187887821,3.0,0.0,0.0
13,0.1975592135316128,43.69854227364435,0.0001343072265298,4.0,0.0004738171723501,0.0241068915296968,0.0100208767942792,0.0003906146569443,3.5,0.0,0.0
14,0.4902851850688632,59.16318761169827,0.0,2.0,0.0003874392116725,0.0029494914880857,0.0101039788377392,0.0003073336987533,3.5,0.0,0.0
15,0.591049382034735,73.86353502550816,0.0001648309614601,0.0,0.0,0.0,0.0,0.0,0.0,0.0,0.0
16,0.2398972702770355,118.62873125743042,1.7179743113054367e-05,2.0,0.0003395792943832,0.0,0.0087094684087203,0.0003064978064357,3.5,0.0,0.0
17,0.5388304019885027,70.84519119912983,0.000108950807612,4.0,0.0003566693379044,0.0,0.0087143624458689,0.0003104110254458,2.25,0.0,0.2777777777777778
18,0.2218890250880324,91.83371673512016,2.1518592937443945e-05,3.0,0.0003880262952595,0.0018113059760858,0.0097776498678882,0.0003297503336635,2.6666666666666665,0.0,0.0
19,0.4375372111778101,0.0,0.0,0.0,0.0,0.0,0.0,0.0,0.0,0.0,0.0
20,0.3150799494500527,38.59452956244506,0.0,4.0,0.0004174013513773,0.0090198142187519,0.0100852734177317,0.0003480183332854,2.5,0.0,0.0
21,0.6343733368737676,36.214878142420126,0.0,2.0,0.0004030096455359,0.0054247390128382,0.0102799521194798,0.0002889829435739,3.0,0.0,0.0
22,0.5832803101220904,31.523943146388667,0.0,2.0,0.0003863525622025,0.0036226119521717,0.0103768287140068,0.0002469494432983,2.0,0.0,0.0
23,0.2576314719490521,59.82261003693532,0.0,3.0,0.0003656101329637,0.0129851056799128,0.0089797535884801,0.0003210237946702,3.333333333333333,0.0,0.0
24,0.4805550084226224,73.8416298159247,0.0,3.0,0.0003949524231437,0.0147382785250094,0.0095401445324622,0.0003425627478002,3.6666666666666665,0.0,0.0
25,0.2468565874894631,16.905096514631126,0.0,4.0,0.0003906895661197,0.0063242727239349,0.0098053452156633,0.0003259804581877,1.75,0.0,0.0
26,0.5590195494060505,86.3754521815037,0.0,1.0,0.0003859526032898,0.0,0.0102112234445846,0.0002731741445366,4.0,0.0,0.0
27,0.5490242413914354,78.37726198482406,9.908247699616027e-05,2.0,0.0003713062778648,0.0018143656145589,0.0104758565255362,0.0002154981139837,1.5,0.0,0.0
28,0.3593496351207737,42.3317009473963,0.0,4.0,0.0003770374260104,0.00492601794172,0.0091999051136255,0.0003562814883649,2.75,0.0,0.0
29,0.5718728042231646,123.1872744716138,3.6500113586603176e-05,2.0,0.0003619637449378,0.0,0.0091748601135747,0.0003303098495944,3.5,0.0,0.0
30,0.0,0.0,0.0,3.0,0.0003614172238979,0.0023803987320858,0.0090673668687099,0.0003461386193661,3.0,0.0,0.0
31,0.0,0.0,0.0,3.0,0.0003763022513635,0.0042375992852684,0.0092000853744752,0.0003515561263874,3.333333333333333,0.0,0.0
32,0.0249515928552075,0.0,0.0002279875415996,4.0,0.0003494748891967,0.0152584170654395,0.0083150224140466,0.0003524188297926,3.0,0.0,0.0
33,0.2686498764189548,67.89367460862559,0.0,2.0,0.0003461330821978,0.0030718770270104,0.0086966108577694,0.0003082904069319,3.0,0.0,0.0
34,0.2419222653184229,75.97866253439669,0.0,2.0,0.0003350402552833,0.0016216083907525,0.008857311731298,0.0002867436568342,2.0,0.0,0.0
35,0.0033554857774722,0.0,0.0,0.0,0.0,0.0,0.0,0.0,0.0,0.0,0.0
36,0.2007815154774029,56.88725643824786,0.0,0.0,0.0,0.0,0.0,0.0,0.0,0.0,0.0
37,0.2842344991531336,101.76435729406263,2.8101434570975997e-05,2.0,0.0003259923960237,0.0005415560097418,0.0090254786054365,0.0002802097849262,2.5,0.0,0.0
38,0.0101164985975503,0.0,0.0,1.0,0.0003587813273891,0.0,0.0106103042279635,0.0001910799360422,2.0,0.0,0.0
39,0.0,0.0,0.0,2.0,0.0004041855909998,0.0003487987859354,0.0101764979695613,0.0003239893930831,4.0,0.0,0.0
40,0.2756151322349883,30.283646901323223,0.0,2.0,0.0004102984353341,0.0074869353437197,0.0101582480992113,0.0003216390356141,3.5,0.0,0.0
41,0.0,0.0,0.0,3.0,0.0003309668817902,0.0026037523406234,0.0092732373511802,0.0002867258003546,2.0,0.0,0.0
42,0.0,0.0,0.0001746978704594,4.0,0.0004068269338521,0.044126106059308,0.0091721546430059,0.0003745421439341,3.5,0.0,0.0
43,0.0,0.0,0.0,3.0,0.0003422107322132,0.0095613702284938,0.0085909998791658,0.0003111215764437,3.6666666666666665,0.0,0.0
44,0.0992089429360646,67.60229992841859,0.0,2.0,0.0003285363227666,0.0090106353033325,0.0089414868560828,0.0002514570398494,2.5,0.0,0.0
45,0.4245511320519398,61.77667356743456,0.0001145382939224,4.0,0.0004161851220851,0.0121834803999559,0.0096665528091191,0.0003534269257437,3.25,0.0,0.0
46,0.4265801201376588,80.52746753687994,0.0,3.0,0.0004122686926986,0.0104915003243216,0.0094744436721234,0.0003506206486578,3.333333333333333,0.0,0.0
47,0.4667016628942004,31.13780962919704,0.0,3.0,0.0004166221778225,0.0200834669375466,0.0097703188238396,0.0003469952019045,2.6666666666666665,0.0,0.0
48,0.2808141263871864,68.42177381056383,7.829702061736967e-05,3.0,0.0004099737894684,0.012211017146214,0.0098287275891055,0.0003379487559755,3.0,0.0,0.0
49,0.4161018838567392,62.457412131961874,0.0,3.0,0.0003839296566991,0.0004467072170752,0.0096242443395342,0.0003429429768248,3.333333333333333,0.0,0.0
50,0.326468435107318,65.76624605730765,0.0001280887541457,3.0,0.0004249313425591,0.0231400457721915,0.0100197402953341,0.000354031720723,3.333333333333333,0.0,0.0
51,0.6272276175131042,37.69012367022959,0.0003030830057661,3.0,0.0004407253732959,0.0021754029543869,0.0103244536595539,0.0003512982352563,3.0,0.0,0.0
52,0.0,0.0,0.0,3.0,0.0003853785537496,0.0118560990833323,0.0090164094220303,0.0003376561913267,4.0,0.0,0.0
53,0.4989461501700812,57.9271952930632,0.0006038925335045,4.0,0.0004338484728422,0.0110146985032248,0.0095675001443828,0.0003642052891697,3.25,0.0,0.0
54,0.1797249719222588,94.842556997262,0.0,0.0,0.0,0.0,0.0,0.0,0.0,0.0,0.0
55,0.4314302523850722,39.211658097932826,0.0,0.0,0.0,0.0,0.0,0.0,0.0,0.0,0.0
56,0.3688326835830059,64.19157929958526,0.0003526658341174,3.0,0.0004227828656897,0.0226382650626002,0.0098537239801407,0.000355727302838,3.333333333333333,0.0,0.0
57,0.0,0.0,0.0002082424859789,3.0,0.0004016638089913,0.0080774455690315,0.0095770093678318,0.0003447088652028,3.0,0.0,0.0
58,0.5843994979056549,30.082981842392183,0.0,4.0,0.0004434447100633,0.0218832992693583,0.009955020546062,0.0003636203777739,3.25,0.0015133112742558,0.0
59,0.0417527096152085,122.31476004395503,0.0,3.0,0.0003286886462467,0.0,0.0094091172625462,0.0002465127056058,2.0,0.0,0.5
60,0.0,0.0,0.0,3.0,0.0003317939441458,0.0050147474574404,0.0090468832808441,0.0002887181056673,3.0,0.0,0.0
61,0.2705147586731042,67.29628391715413,0.0008078270954486,3.0,0.0004455786223897,0.0265423637542987,0.0102685530487661,0.0003592437751398,3.0,0.0,0.0
62,0.0,0.0,0.0,3.0,0.0003403029986225,0.0064925528399564,0.0090003418786361,0.0002844961263194,3.0,0.0,0.0
63,0.0,0.0,0.0,4.0,0.0003319311168021,0.0029892667882363,0.0087583733047549,0.0002964495709472,3.0,0.0015277934395691,0.0
64,0.4238927136926154,47.8248547634028,0.0002479276737996,3.0,0.0004490458653087,0.0302200491989866,0.0100107500800744,0.0003652909009778,3.333333333333333,0.0,0.0
65,0.2215300223005327,0.0,0.0,3.0,0.0003266030410467,0.0,0.0090573620582981,0.0002778918814542,3.333333333333333,0.0030555868791382,0.0
66,0.0820154527268111,9.109078872728922,0.0,3.0,0.0003345710136655,0.0024691282478062,0.0092790971552508,0.0002809510500089,3.333333333333333,0.0030555868791382,0.0
67,0.1556536033018058,32.90651260354374,0.0001252801050837,3.0,0.0003926541328854,0.0063120341700424,0.0091011024077341,0.0003571789426963,3.333333333333333,0.0,0.0
68,0.0,0.0,0.0004864550431761,3.0,0.000408171232043,0.0039224565225372,0.009475738255362,0.0003619630977552,3.333333333333333,0.0,0.0
69,0.059179192619505,0.0,0.0,3.0,0.0003350347798803,0.0018143656145589,0.00930271397516,0.0002671712620804,2.333333333333333,0.0,0.0
70,0.0,0.0,0.0,2.0,0.0003349790503154,0.0065690438017843,0.0090538523095744,0.0002958785722521,3.0,0.0,0.0
71,0.452915642855703,46.733543600971096,0.0002984991571548,3.0,0.000466473928786,0.0163292905310308,0.0106089132452465,0.0003586316194263,3.333333333333333,0.0,0.0
72,0.0,0.0,0.0,2.0,0.0003511259331947,0.001737874652731,0.0088019295098671,0.0003040112574512,2.5,0.0,0.0
73,0.0,0.0,0.0,2.0,0.0003150579256323,0.0,0.0083066538824221,0.0002954614567077,2.5,0.0,0.0
74,0.2209247109855943,0.0,0.0,3.0,0.0003440144092668,0.0042590167545802,0.0093114701788619,0.0003080592101615,2.6666666666666665,0.0,0.0
75,0.3707071270630548,46.62051004620224,0.0002643201835266,4.0,0.0004603886630947,0.0317315106047069,0.0098371561254138,0.0003804724187651,3.25,0.0,0.0
76,0.0,0.0,0.0,3.0,0.0003504292133936,0.0140896351687084,0.009026312288602,0.0003205342451302,2.6666666666666665,0.0,0.0
77,0.1293764651426343,43.85331986489503,0.0001994912115882,1.0,0.0003060139479074,0.0,0.0089129845050862,0.0002306316929198,3.0,0.0,0.0
78,0.3900292819038454,50.208188341022165,0.0016444116182508,1.0,0.0004237179046173,0.0,0.0096297218064177,0.0003104325761337,4.0,0.0,0.0
79,0.5158873219033157,33.393013414177275,0.0003454260598986,5.0,0.0005017256453763,0.049492711941157,0.0102683062853548,0.0003874110928823,2.6,0.0,0.0
80,0.022066299417797,4.359132973887781,0.0,1.0,0.0003179310648778,0.0,0.0093402698251663,0.0002450588382727,3.0,0.0,0.0
81,0.3465788728224075,81.45817371816398,0.0,3.0,0.0004155531811107,0.0154328164584072,0.009611857342378,0.0003437366042507,3.333333333333333,0.0,0.0
82,0.3443992284175831,56.17242675423135,0.0015070945118257,4.0,0.0005044893908618,0.07365467696337,0.0101675553295353,0.0003963144460718,3.5,0.0,0.0
83,0.1930042355471046,56.11839601512258,0.0,4.0,0.0004710678544027,0.0228463204787722,0.0096657066152584,0.0003912161580455,3.25,0.0,0.0
84,0.1988087529910174,53.02037796359113,0.0,3.0,0.0004007542159916,0.0062386028466876,0.0091758286147729,0.0003584614563784,3.0,0.0,0.0
85,0.1144514712920091,72.79186189083424,6.351719097136174e-05,3.0,0.0004361641071427,0.0023651005397202,0.0094175541445411,0.0003764897159459,4.333333333333333,0.0,0.0
86,0.0,0.0,0.0,3.0,0.0004678600647855,0.0,0.0094014313071639,0.0003775620452851,3.333333333333333,0.0,0.0
87,0.131617102764658,55.95141091441633,0.0001414415966346,4.0,0.0005004948497486,0.0885153410273042,0.0097714698593633,0.0003977259968092,4.5,0.0,0.0
88,0.1734175761063631,46.10347812045916,0.0005298777100172,2.0,0.0004526727100575,0.0043997601243437,0.0096567201690005,0.0003609293337103,4.0,0.0,0.0
89,0.1810962745264332,86.58827132022418,0.0,2.0,0.0003150438728891,0.0072207467965585,0.0089968483726118,0.0002192106361174,2.0,0.0,0.0
90,0.0,0.0,0.0,0.0,0.0,0.0,0.0,0.0,0.0,0.0,0.0
91,0.4198673671035601,34.0540486216259,0.0,0.0,0.0,0.0,0.0,0.0,0.0,0.0,0.0
92,0.267755195580608,46.12356307754739,0.0,3.0,0.0004084624705704,0.0024018162013976,0.0089945604076489,0.0003660653499361,4.0,0.0,0.0
93,0.5022659500855632,52.86960626838446,0.0,4.0,0.000451754945928,0.0064099426011822,0.0095853514894199,0.0003774306786249,3.0,0.0,0.0
94,0.2896807847331457,64.28701662466244,0.0,3.0,0.0004377796755937,0.0182323856613102,0.0095528134335898,0.000372936416381,3.6666666666666665,0.0,0.0
95,0.0072589315714616,0.0,0.0,1.0,0.0004359089140549,0.0,0.0098418177766718,0.0003084046601771,4.0,0.0,0.0
96,0.109826682300937,76.9139039003262,0.0001138568639769,6.0,0.0004837922912853,0.0858075609785947,0.0098236342269014,0.0003954429080259,3.0,0.0002806713272349,0.0
97,0.3270832229887327,40.74570057588593,0.0,1.0,0.0004494028588995,0.0,0.0097363754251744,0.0003203269846651,6.0,0.0,0.0
98,0.0,0.0,0.0,0.0,0.0,0.0,0.0,0.0,0.0,0.0,0.0
99,0.0,0.0,0.0,0.0,0.0,0.0,0.0,0.0,0.0,0.0,0.0
100,0.0,0.0,0.0,3.0,0.0003795046682287,0.0130524177263214,0.0090068942286386,0.0003377720869857,2.6666666666666665,0.0,0.0
101,0.0,0.0,0.0,3.0,0.0003762517530233,0.0166689104015469,0.0092083403346687,0.0003397622694501,3.0,0.0,0.0
102,0.4092255661907987,53.45679541236151,0.0,3.0,0.0004435038734802,0.0173848658042565,0.0096248432910897,0.0003553377611418,3.6666666666666665,0.0030266225485116,0.0
103,0.5658432602556556,42.07039556036674,0.0005703359828031,3.0,0.0004460653105511,0.019600044058794,0.0094728107030359,0.0003588978673127,3.333333333333333,0.0,0.0
104,0.5253458263286226,40.39302920097892,0.0010186265157351,4.0,0.0004688102034372,0.0187280470939553,0.0100224743124597,0.0003621543121472,3.25,0.0015133112742558,0.0
105,0.0069546692932288,0.0,0.0,0.0,0.0,0.0,0.0,0.0,0.0,0.0,0.0
106,0.1663584066796488,52.44785783613682,0.0,0.0,0.0,0.0,0.0,0.0,0.0,0.0,0.0
107,0.3135315641139306,52.686210119104665,0.000176069607716,5.0,0.0003883979727718,0.0124772056933752,0.00889380567245,0.0003399165376819,3.0,0.0005311185572438,0.0
108,0.4236992799565073,54.98661600728067,0.0,1.0,0.0003686825465224,0.0,0.008943631108634,0.0002828935428636,5.0,0.0,0.0
109,0.4772128291293177,67.25147977968544,0.0004448892474543,3.0,0.0004263258642323,0.0093318973430099,0.0099685575486173,0.0003441510384502,4.333333333333333,0.0,0.0
110,0.5107581266684527,46.19960874850134,0.0011641011235032,2.0,0.0004826975532253,0.0202272699457832,0.0101987293925611,0.000365288280068,4.5,0.0,0.0
111,0.0,0.0,0.0002670719029801,3.0,0.0004466918557238,0.0173879254427296,0.0099214001439047,0.0003492440303278,3.6666666666666665,0.0,0.0
112,0.5035578792159554,34.19770585906355,0.0002742453003534,3.0,0.0004841053038718,0.033236852733481,0.0104915386631389,0.0003606957717106,3.333333333333333,0.0,0.0
113,0.3701788031126024,42.50521240428193,0.0005494577334593,1.0,0.000460083891361,0.0,0.0100416247110532,0.000315036298711,5.0,0.0,0.0
114,0.0,0.0,0.000448236657479,2.0,0.0002990452019397,0.0054247390128382,0.0089424529998978,0.0001942191657806,2.0,0.0,0.0
115,0.0591838604384587,81.15975365105045,0.0002623821040131,6.0,0.0004274859035072,0.0586264976930325,0.0088528143911236,0.0003983903337286,3.6666666666666665,0.0005158657687899,0.0
116,0.0,0.0,0.0,4.0,0.0004260905319763,0.0494621155564258,0.0093338915940678,0.0003814271159874,4.25,0.0001621132774598,0.0
117,0.5858864940138023,50.94727285175334,0.0001353810189893,3.0,0.0004687754768745,0.0273837643344062,0.0096369421171788,0.0003514134307969,2.6666666666666665,0.0,0.0
118,0.3423522595938102,52.03461462789625,0.0005830299189772,4.0,0.000522862636172,0.0604309194825539,0.0102273514881981,0.0003918934668407,2.75,0.0,0.0
119,0.2555117728095243,77.17456523793294,0.000606443273147,4.0,0.0004767652089935,0.0015175806826665,0.0091081347894197,0.0003942044493265,3.25,0.0,0.0
120,0.152051276827067,51.87732762307602,0.0003823385800165,2.0,0.0004822794530677,0.0005078999865375,0.0100638349533972,0.0003601171525912,4.5,0.0,0.0
121,0.3068882152667117,50.48901892981755,0.0006950278282756,4.0,0.0004486006843699,0.0177764995288156,0.0095091670961677,0.0003891064809091,3.25,0.0,0.0
122,0.4421842831595486,46.77573825879544,0.000234845158494,3.0,0.0004743393599457,0.0144567917854826,0.0098122276969846,0.0003782366840863,4.333333333333333,0.0014033566361748,0.0
123,0.0910056755368175,36.92565317802365,0.0011154054828757,4.0,0.000474723676958,0.0656414838022739,0.0093564894292226,0.0003894015607199,4.0,0.0007016783180874,0.0
124,0.470554641946961,88.18000264899621,0.0007140669228114,3.0,0.0004685969205667,0.0140835158917622,0.0097095554032743,0.0003792525766586,3.6666666666666665,0.0,0.0
125,0.0614176713215991,28.85788279719687,0.0003864174336016,4.0,0.0004689973990048,0.0646807573217148,0.0092640597537477,0.0003894357308081,3.5,0.0,0.0
126,0.3091879519940382,55.82011677038307,0.000362920739345,3.0,0.0004634577844512,0.0017960077837202,0.0089112919235856,0.0003825622962668,3.6666666666666665,0.0,0.0
127,0.2599937072896784,33.9656879284675,0.0,3.0,0.0004625474998249,0.0031728450966233,0.0090369636375563,0.0003584673388105,2.6666666666666665,0.0,0.0
128,0.0850380240309081,46.51437434728702,0.0008143339716956,4.0,0.0004490087340902,0.0686032138442521,0.0091255735127688,0.0003933356696128,4.25,0.0,0.0
129,0.6069743995778254,26.004837169545294,0.0,3.0,0.0004928002512554,0.0354214346032872,0.0105003189089211,0.0003565118684339,3.0,0.0,0.0
130,0.1804567112913792,0.0,0.0002800762634617,3.0,0.0004372274101138,0.021337918711525,0.0091908910224648,0.000357145802937,3.333333333333333,0.0,0.0
131,0.0,0.0,0.0001614533087041,4.0,0.0003888307236814,0.0018128357953224,0.008688856251904,0.0003261320780205,3.75,0.0043483754692848,0.0
132,0.0927379711523844,73.6034422345379,0.0002712315210722,4.0,0.0003896108550108,0.0096990539597841,0.0087062891566771,0.0003261320780205,3.75,0.0043483754692848,0.0
133,0.626958855702425,32.04136121558924,0.0005594329705335,1.0,0.0004728563130284,0.0,0.0107182881737537,0.0002942945954006,3.0,0.0,0.0
134,0.0,0.0,0.0006949502461059,4.0,0.0004263256846671,0.0,0.0089793225213309,0.0003862839094463,4.25,0.0012896644219748,0.0
135,0.0655015175604752,80.72918613042562,0.0001470603653775,4.0,0.0004346397873613,0.0122569117233107,0.0087707580795921,0.0003947889720182,4.0,0.0011275511445149,0.0
136,0.0,0.0,8.794580337728562e-05,3.0,0.0004060864898244,0.0145577598550955,0.0087969891708668,0.0003724792996364,4.333333333333333,0.0,0.0
137,0.566359682170619,37.63254251041807,0.0003383084334744,3.0,0.0005056419064948,0.0296387178890942,0.0100400663718795,0.0003805424493728,3.6666666666666665,0.0,0.0
138,0.0014147027190491,0.0,0.0,3.0,0.0003971390258998,0.0136980014441493,0.0089154906412378,0.0003611996303658,4.0,0.0,0.0
139,0.0,0.0,8.499849965302421e-05,5.0,0.0003964899259604,0.0141875435998482,0.0085336456779,0.0003790991269189,3.0,0.0,0.0
140,0.0,0.0,0.0,3.0,0.0004992315155828,0.0051983257658275,0.0092168260615403,0.0003784047058439,2.6666666666666665,0.0,0.0
141,0.0,0.0,2.684657836207292e-05,4.0,0.0004075433268576,0.00710448053458,0.0083931013754962,0.0003866145481968,4.0,0.0,0.0
142,0.0,0.0,0.0,1.0,0.0003687025300606,0.0,0.0084368881328842,0.0003095177475554,5.0,0.0,0.0
143,0.0,0.0,0.0,4.0,0.0003802078184661,0.011537896682128,0.0084778608673092,0.0003656982724492,3.25,0.0,0.0
144,0.1185743947694791,27.85149803089776,0.0,0.0,0.0,0.0,0.0,0.0,0.0,0.0,0.0
145,0.2913022950414521,24.67806667351203,0.0,0.0,0.0,0.0,0.0,0.0,0.0,0.0,0.0
146,0.023664394856892,106.0916007434286,3.620626960432739e-05,1.0,0.0002865530929248,0.0,0.0097337993118338,0.0001444706228686,2.0,0.0,0.0
147,0.0,0.0,0.0,2.0,0.0002930491269181,0.0018143656145589,0.0095560131295306,0.0001580072768207,1.5,0.0,0.0
148,0.2200959296304055,0.0,0.0,3.0,0.0004061617417598,0.0018143656145589,0.0092670471075289,0.0003023056753343,2.333333333333333,0.0052397741937955,0.0
149,0.0,0.0,0.0,1.0,0.0003926089395132,0.0,0.0094916390178627,0.0002563504340239,3.0,0.0,0.0
150,0.1226362165246325,90.92648223487866,0.0,3.0,0.0003761819070379,0.008738327479225,0.0088504065952057,0.0003510787904002,3.333333333333333,0.0,0.0
151,0.0818478735636422,133.11284350855033,0.0,2.0,0.0002961448426838,0.0036226119521717,0.0092556627828622,0.0001742821444204,2.0,0.0,0.0
152,0.0,0.0,0.0,2.0,0.0003814181795857,0.0,0.0083010828848199,0.0003451806204645,4.0,0.0,0.0
153,0.0,0.0,0.0,3.0,0.0003822997825132,0.014701562863332,0.0083123808500162,0.0003571603950707,3.6666666666666665,0.0,0.0
154,0.0,0.0,0.0009312932412524,2.0,0.0005165348493535,0.025278733064901,0.010066863618168,0.000356575593345,3.5,0.0,0.0
155,0.0,0.0,0.0,2.0,0.0003727560250445,0.0,0.0088356159677883,0.0003027328558215,4.0,0.0057263335801662,0.0
156,0.0,0.0,0.0,3.0,0.000379576656177,0.0198264573058047,0.0087196590519516,0.0003469416671938,3.0,0.0,0.0
157,0.1930975583420186,48.818024133027286,0.0009750515597342,3.0,0.0004710501468324,0.0059571161071607,0.0087905049665028,0.0003707336514158,2.6666666666666665,0.0,0.0
158,0.5927879893721663,36.8922404364122,0.000909831937026,3.0,0.0004573132649992,0.0180794037376543,0.0096435206992555,0.000338299717042,3.0,0.0,0.0
159,0.2769070241225348,54.33729142402488,0.0002493389505201,3.0,0.0004102089643566,0.0018143656145589,0.0094195841904683,0.0003219624126739,3.0,0.0,0.0
160,0.2569610372836696,36.83977030292539,0.0005116207130941,1.0,0.0003881324784668,0.0,0.0094403724371801,0.0002703467986883,3.0,0.0,0.0
161,0.0,0.0,0.0004010199928152,4.0,0.0004294176514378,0.0128627201409881,0.0093053623071472,0.0003328510109388,3.75,0.0032431975489359,0.0
162,0.3434001488814878,57.29205985425158,0.0,3.0,0.0004240352376198,0.0,0.0092597010704708,0.0003231439207247,3.0,0.0052397741937955,0.0
163,0.1334062536963565,0.0,0.0005310298588928,3.0,0.0004235014585631,0.0041733468773329,0.0094723517248285,0.0003236031222231,3.0,0.0052397741937955,0.0
164,0.0,0.0,0.0,2.0,0.0005283783589724,0.0553182635939737,0.0102007650525495,0.0003626411689155,3.5,0.0,0.0
165,0.4508175417235782,61.703138522129954,0.0009427530853531,2.0,0.0005035168580431,0.0056358540674833,0.0096445977285844,0.0003643677569604,3.5,0.0,0.0
166,0.3158250146114827,0.0,0.0011762834853076,2.0,0.0004777763709069,0.0279283799826212,0.0096039812943871,0.000339688105122,3.0,0.0,0.0
167,0.3805094222441699,0.0,0.000321117041417,3.0,0.0004430813014896,0.0181528350610091,0.0090792675108351,0.0003549192669378,3.0,0.0,0.0
168,0.065344189006361,19.548873410790428,5.3605231403877376e-05,4.0,0.000417683788977,0.004512966747849,0.009357552337049,0.0003383547317397,3.0,0.0,0.0
169,0.0091879154354031,10.434995614147384,0.0006932901648222,4.0,0.0004294032744571,0.0142640345616761,0.0100464223864952,0.0003465242418253,2.75,0.0,0.0
170,0.0825917438988138,60.80473806919649,0.0004596923561806,2.0,0.0004110533237293,0.0021692836774406,0.0094408580908182,0.0003218587862426,4.0,0.0,0.0
171,0.0045894743223059,0.0,0.0007885582907002,2.0,0.0004381921285061,0.0018143656145589,0.0098340896735001,0.0002819316709733,2.0,0.0,0.0
172,0.367153321031923,56.76261750017077,0.0009203212603575,1.0,0.0004384267505683,0.0,0.0101389186898228,0.0002719240481058,3.0,0.0,0.0
173,0.2294401089297895,0.0,0.0024014118286475,3.0,0.0004522513786827,0.0164792128162136,0.009843714562315,0.0003242019189394,2.6666666666666665,0.0,0.0
174,0.0,0.0,0.0004547006756364,0.0,0.0,0.0,0.0,0.0,0.0,0.0,0.0
175,0.527213148106214,30.952519269058563,0.0005449549511569,0.0,0.0,0.0,0.0,0.0,0.0,0.0,0.0
176,0.5239617830623273,22.76573726127976,0.0,2.0,0.0004823224321632,0.018201789276579,0.0093182540615092,0.0003388204441217,3.5,0.0,0.0
177,0.1814205908768151,43.396413759434864,0.0003917162590569,4.0,0.0004875542692958,0.0213103819652669,0.0089498175336592,0.0003460218831076,1.75,0.0,0.0
178,0.0981563844423693,0.0,0.0,3.0,0.000480407360228,0.0337172159737605,0.0093561578616747,0.0003533613342376,2.333333333333333,0.0,0.0
179,0.32198853650486,30.433985650296812,0.0,0.0,0.0,0.0,0.0,0.0,0.0,0.0,0.0
180,0.0868032795220632,63.61528013210917,0.0,0.0,0.0,0.0,0.0,0.0,0.0,0.0,0.0
181,0.1276040933770696,45.19845822845233,0.00088911992421,4.0,0.0004765032755692,0.0222068560378905,0.010092981563968,0.0003219701082284,2.25,0.0,0.0
182,0.2229311528681351,25.058712978073736,0.0012653020808048,2.0,0.0004468585141588,0.0018143656145589,0.010070592058506,0.0002704984843045,2.5,0.0,0.0
183,0.0950084826703469,0.0,0.0,1.0,0.0004433184450953,0.0,0.0105935739304957,0.0002331068412859,2.0,0.0,0.0
184,0.042316254712495,0.0,0.0002161680880186,3.0,0.0004811909765373,0.0203955500618046,0.0096593801161552,0.0003485026886566,3.0,0.0020115702738527,0.0
185,0.0,0.0,0.0,1.0,0.0004712899656742,0.0,0.0092920550442691,0.0002871095866151,4.0,0.0,0.0
186,0.0,0.0,0.0,2.0,0.0004874155154614,0.0060825612845586,0.0088433364221384,0.0003531995021592,2.5,0.0,0.0
187,0.0,0.0,0.0,3.0,0.0003742825916054,0.0172991959270092,0.0087147551033967,0.0003253219329338,2.333333333333333,0.0,0.0
188,0.0,0.0,0.0,4.0,0.0003826133061293,0.0072544028197628,0.0078472239308673,0.0003766344557729,3.5,0.0,0.0
189,0.340627766113447,43.2612204644892,0.0,1.0,0.0004324239391198,0.0,0.0090363778949455,0.0002956258229936,3.0,0.0,0.0
190,0.3149315391330246,52.48635882083427,6.819163966718533e-05,3.0,0.000518302675671,0.0399099242433514,0.0089759116089596,0.000377402780765,3.0,0.0,0.0
191,0.4025489439181402,36.87195992878866,0.0008563539616229,1.0,0.0004548869135551,0.0,0.0089686489158003,0.0002871095866151,4.0,0.0,0.0
192,0.0,0.0,0.0,3.0,0.00053995351228,0.0560831732122532,0.0100887258323979,0.0003741093863093,3.333333333333333,0.0,0.0
193,0.0,0.0,0.0,5.0,0.0004013021195119,0.0086801943482358,0.0079517249081983,0.0003883534184935,3.6,0.0004146077560545,0.0
194,0.3041317403892809,65.52316300160572,0.0006152718311364,2.0,0.0004883949572794,0.0052013854043006,0.0088230329941946,0.0003566888463745,2.5,0.0,0.0
195,0.0393137731252629,0.0,0.0,2.0,0.0004948084128611,0.006379346216451,0.0086087486695339,0.0003656601474175,3.0,0.0,0.0
196,0.2040635505152744,75.16327637422843,0.0001063536021605,3.0,0.000439311450848,0.019523553096966,0.0088156728299221,0.0003853144829037,3.6666666666666665,0.0,0.0
197,0.1642612785898694,26.79781887085044,0.0009774450741164,3.0,0.000446250674698,0.0200589898297617,0.0087809808007674,0.0003834021369597,3.333333333333333,0.0,0.0
198,0.0361448355038861,86.51967674922508,0.0011109573103604,0.0,0.0,0.0,0.0,0.0,0.0,0.0,0.0
199,0.2674688192699687,75.28414358864597,0.0002981759020236,0.0,0.0,0.0,0.0,0.0,0.0,0.0,0.0
200,0.533976812699675,43.27311561176063,0.0005557193565898,1.0,0.0004143895773179,0.0,0.009863331875232,0.0002415483019537,2.0,0.0,0.0
201,0.0,0.0,0.0,1.0,0.0005094276740271,0.0,0.0096561966811111,0.0002924635217533,5.0,0.0,0.0
202,0.3630931064836005,78.71393145979116,0.0007942754341281,5.0,0.0005281959039721,0.0066791907868166,0.0092937814507862,0.0003538282650202,1.8,0.0,0.0
203,0.1350506046415487,0.0,0.0,0.0,0.0,0.0,0.0,0.0,0.0,0.0,0.0
204,0.2350541377969795,29.222958282288197,0.0,3.0,0.0004715548420435,0.0217876855670733,0.0089739972618154,0.0003899810781344,3.333333333333333,0.0,0.0
205,0.0,0.0,0.0,1.0,0.0005111592688515,0.0,0.0096890190444193,0.0002924635217533,5.0,0.0,0.0
206,0.3043287603592784,59.72133875912367,0.0008870272825815,4.0,0.0005254043765733,0.03230366299918,0.0086567829889682,0.0004104549667787,3.0,0.0,0.0
207,0.1015033317519025,36.12752750585746,5.681714590032791e-05,2.0,0.0003851790488253,0.0142150803461063,0.0086001902418293,0.000328096247372,3.0,0.0,0.0
208,0.0373533935224165,11.1542474103613,0.0,2.0,0.0003687395860108,0.0018143656145589,0.0090853619056428,0.0002728603635476,2.0,0.0,0.0
209,0.3302557631177455,49.08170417236126,0.0,4.0,0.0005220559944251,0.0291216389871372,0.0098620504837871,0.0003692202987383,2.25,0.0,0.0
210,0.1100491179529572,62.279838190716006,5.470810754655363e-05,1.0,0.0003668980833706,0.0,0.0095388458382317,0.0002348587609403,2.0,0.0,0.0
211,0.0,0.0,0.0002458056959112,1.0,0.0005113702218982,0.0,0.0103554774343965,0.0003029008691473,4.0,0.0,0.0
212,0.0,0.0,0.0009355413755828,3.0,0.0005341279589902,0.0290237305559975,0.0097043267329702,0.0003701199705357,4.333333333333333,0.0,0.0
213,0.040693906797098,29.00318734647648,5.701708771408612e-05,3.0,0.0004283516020623,0.0047271414409673,0.0097291377148424,0.0003316197436586,3.333333333333333,0.0,0.0
214,0.0,0.0,0.0005775139942072,4.0,0.0004298834548751,0.0005874505868386,0.0093548824694983,0.000337227316303,3.0,0.0,0.0
215,0.3188862005519578,46.06542202776616,0.0003923289141801,0.0,0.0,0.0,0.0,0.0,0.0,0.0,0.0
216,0.4330576867948322,44.12708743707317,0.0,0.0,0.0,0.0,0.0,0.0,0.0,0.0,0.0
217,0.3564117560384047,67.53745514543351,0.0003731589456352,2.0,0.0005178460432439,0.0072268660735047,0.009052305068237,0.0003643982963574,3.0,0.0,0.0
218,0.0,0.0,0.0014552394823451,0.0,0.0,0.0,0.0,0.0,0.0,0.0,0.0
219,0.3757094152294026,41.8268828091483,0.0004084722326516,0.0,0.0,0.0,0.0,0.0,0.0,0.0,0.0
220,0.2740609154920189,49.365900382037744,0.000517795183252,1.0,0.0005168494080658,0.0,0.0097968755787185,0.0002924635217533,5.0,0.0,0.0
221,0.0012867246596563,0.0,0.0010201240281333,0.0,0.0,0.0,0.0,0.0,0.0,0.0,0.0
222,0.1798552984498141,43.79732797331614,0.0012334387197095,3.0,0.00042677043372,0.0002417114393763,0.0098282605209038,0.0003288585203287,3.333333333333333,0.0,0.0
223,0.0084270500799533,0.0,0.0,2.0,0.000434132976128,0.0018908565763869,0.0095857190114706,0.0003175362826272,4.0,0.0,0.0
224,0.0687279604766155,66.89969063534468,0.0,3.0,0.0004412976272512,0.0024721878862793,0.0092643084882657,0.0003344209258087,3.6666666666666665,0.0,0.0
225,0.0,0.0,0.0004770786801204,4.0,0.0005832238723486,0.1116645657149151,0.0104866738655616,0.0003875713594072,3.25,0.0,0.0
226,0.2213292797688042,13.39439213622265,0.0015683406542384,1.0,0.0004418824441878,0.0,0.0099604755859039,0.0002703522245706,4.0,0.0,0.0
227,0.2151515043669304,26.111720995752165,0.0004993822000524,4.0,0.0004451304961029,0.0064741950091177,0.0094009071429204,0.0003357204372642,2.25,0.0,0.0
228,0.2195843969426013,60.89122345376082,0.0004935005124858,3.0,0.0005720890072866,0.0299813973980834,0.0095807608360835,0.0003784153361381,4.333333333333333,0.0,0.0
229,0.3289582456528482,71.66444950658386,0.0001582781726959,4.0,0.000542775028188,0.0245994933238688,0.0086878662882209,0.0004112273990433,3.5,0.0,0.0
230,0.1609223785679093,44.5851162536705,0.0007136411282285,4.0,0.0005016865735105,0.0245505391082989,0.0084995077944436,0.0004015043239825,2.5,0.0,0.0
231,0.294924399024186,34.868275786557675,0.0003637251436091,3.0,0.0004819457268584,0.0380190676669644,0.0097850338224203,0.0003411257679801,3.333333333333333,0.0020115702738527,0.0
232,0.2667348136210727,63.49202261220032,0.0001183929306481,3.0,0.0004598663613712,0.0308411558090296,0.0089624387363243,0.0003889614388705,3.6666666666666665,0.0,0.0
233,0.3056812580258205,43.94945854742576,0.0005694735820302,1.0,0.0004415964470595,0.0,0.0099266910340219,0.0002799811654791,4.0,0.0,0.0
234,0.0454697807123655,43.60131512331489,0.0004208591898803,3.0,0.0004855022141887,0.0323097822761262,0.0094576088911098,0.0003515935789032,3.0,0.0020115702738527,0.0
235,0.3015801995107762,62.122427017532885,0.000110178627311,0.0,0.0,0.0,0.0,0.0,0.0,0.0,0.0
236,0.0,0.0,0.0,3.0,0.0004352209843251,0.002126448738817,0.0096905719989859,0.0003301596225622,3.333333333333333,0.0,0.0
237,0.0129850232105945,0.0,0.0,3.0,0.0004635454631183,0.0115256581282355,0.0092201386085154,0.0003556021322041,3.333333333333333,0.0,0.0
238,0.3200081657461711,45.06456485779478,0.0,2.0,0.0004979193912163,0.0064497179013327,0.0089300210629816,0.000363814570676,3.5,0.0,0.0
239,0.0993110336326364,23.87507750848623,0.0,3.0,0.0004755307279729,0.0065782227172037,0.0088872032038663,0.0003606830176137,2.0,0.0,0.0
240,0.0976437048723064,55.02012098779225,0.0,4.0,0.0004225813079404,0.0117612502906656,0.0085826537190681,0.000381744012697,3.75,0.000682863086143,0.0
241,0.2522563405054309,33.913980926838185,0.0,1.0,0.0004578676612484,0.0,0.0091796421494264,0.0002971311193933,3.0,0.0,0.0
242,0.0202843657386039,39.02882567180052,0.0002376095292576,0.0,0.0,0.0,0.0,0.0,0.0,0.0,0.0
243,0.2904571889992958,73.09918086866813,0.0004017030930034,1.0,0.0004770010204406,0.0,0.0087298476216485,0.0003242927853409,4.0,0.0,0.0
244,0.1286899011017007,48.598118830892325,0.0001793000678712,3.0,0.0004967524162799,0.0172043471343426,0.008603845446145,0.0004073077210293,4.0,0.0,0.0
245,0.005727371564123,0.0,0.0003438391480393,3.0,0.0004508280884154,0.0056603311752683,0.0098923286403983,0.0003295036904299,3.6666666666666665,0.0014688172101705,0.0
246,0.0259445537847217,0.0,0.0005132129327526,4.0,0.0004706278279281,0.0343046665605992,0.0093512984850508,0.0003458588522038,2.75,0.0,0.0
247,0.0635290568131529,0.0,0.0,1.0,0.0004341588337234,0.0,0.0092169738998549,0.0002869973348877,4.0,0.0,0.0
248,0.1310414356871596,69.01088886529725,0.0004042413292878,3.0,0.0005252201387155,0.0862665067495624,0.0088765338365698,0.0003909940071426,3.0,0.0,0.0
249,0.2677217597802918,51.28128826976793,0.0,2.0,0.0005394228677242,0.0275551040889008,0.0095964529209439,0.0003571933540922,2.5,0.0,0.0
250,0.1895757790974137,40.98737820149541,0.0001142598979611,3.0,0.0004886504093428,0.0330349165942552,0.0091469624159002,0.0003677389688431,3.333333333333333,0.0,0.0
251,0.0,0.0,0.0002198222986487,3.0,0.0004812385307995,0.0417457073272222,0.0090490468307924,0.0003630278145295,3.6666666666666665,0.0,0.0
252,0.1316960728960819,55.12410257949276,0.0,4.0,0.0005072224571269,0.0082855009852035,0.0086456303289409,0.0003981895071971,2.75,0.0,0.0
253,0.0440595431915848,0.0,0.0,4.0,0.0004728863836838,0.0422872633369641,0.0085493705021481,0.0004124599738733,3.0,0.0,0.0
254,0.0794074876569632,45.14542709388426,0.000534069924269,4.0,0.0005073684843871,0.0811446719455629,0.0089657056749311,0.0003894473308137,3.0,0.0,0.0
255,0.3072909516585191,33.65146608335995,0.0,3.0,0.0003969142568074,0.0194898970737617,0.0083634957720546,0.0003570978793596,3.333333333333333,0.0,0.0
256,0.0103577361001976,0.0,0.0001718013281131,4.0,0.0004706315681996,0.0473203686252432,0.0088301735116758,0.0004106877104755,3.25,0.0,0.0
257,0.3494159541569069,87.80044652321484,0.0,3.0,0.0003879974406297,0.0178958254292672,0.0088027889787323,0.0002819095823609,2.333333333333333,0.0,0.0
258,0.2945770347348488,61.78191563431006,0.0,1.0,0.0003503663421884,0.0,0.0084254031257293,0.0002415320878272,3.0,0.0,0.0
259,0.0,0.0,0.0001340485262025,2.0,0.0005458872906419,0.0285953811697609,0.0098241038315179,0.0003600499868021,2.5,0.0,0.0
260,0.0910365724738556,141.01158504883375,0.0001809914974481,0.0,0.0,0.0,0.0,0.0,0.0,0.0,0.0
261,0.0,0.0,0.0,0.0,0.0,0.0,0.0,0.0,0.0,0.0,0.0
262,0.0,0.0,0.0010175431914028,3.0,0.0005843875381236,0.1238388671994517,0.0102355948673464,0.0003871387968364,3.0,0.0,0.0
263,0.2841851284894012,55.62258932386226,0.0008449446852597,4.0,0.0005751320641621,0.0291185793486641,0.010073484494357,0.0003593921476315,2.75,0.0,0.2777777777777778
264,0.0,0.0,0.0001637213853205,4.0,0.000451840553109,0.0281073688332986,0.0094400555386156,0.0003334575806613,3.5,0.0007344086050852,0.0
265,0.1799629782362744,31.28041618470832,0.0008623445238154,2.0,0.0003621107303924,0.0018143656145589,0.0090050603178418,0.00018140252249,1.5,0.0,0.0
266,0.0,0.0,0.0,1.0,0.0003493404550483,0.0,0.0091624701601487,0.0001637839998728,2.0,0.0,0.0
267,0.2385641942754021,30.703128295969115,0.0,0.0,0.0,0.0,0.0,0.0,0.0,0.0,0.0
268,0.109506317616167,28.10056483472464,0.0,0.0,0.0,0.0,0.0,0.0,0.0,0.0,0.0
269,0.0,0.0,0.0014756114240942,3.0,0.0005864365035443,0.1064570610336682,0.0100012158711432,0.0003849286587114,3.0,0.0,0.0
270,0.0,0.0,0.0003430222212231,3.0,0.0005689682192638,0.0,0.0096863486823319,0.0003859351257915,3.333333333333333,0.0,0.0
271,0.07589933720162,0.0,0.0005942557651286,4.0,0.0005885397273402,0.1068119790965499,0.0091815440108197,0.0004113164239059,3.25,0.0,0.0
272,0.0,0.0,7.228923945930998e-05,3.0,0.0003893658258987,0.0054308582897844,0.0086588541096206,0.0002788714036932,2.333333333333333,0.0,0.0
273,0.2915781142212401,6.833497448975971,0.0,0.0,0.0,0.0,0.0,0.0,0.0,0.0,0.0
274,0.1419667324279885,69.85753287228735,5.126718175621397e-05,0.0,0.0,0.0,0.0,0.0,0.0,0.0,0.0
275,0.3150688121119416,44.10889099793422,0.0001528144204984,0.0,0.0,0.0,0.0,0.0,0.0,0.0,0.0
276,0.2569121410537455,64.32357218416358,0.0,0.0,0.0,0.0,0.0,0.0,0.0,0.0,0.0
277,0.0915520047263485,0.0,0.0,0.0,0.0,0.0,0.0,0.0,0.0,0.0,0.0
278,0.0,0.0,0.0,1.0,0.0003560696887292,0.0,0.0084025366239524,0.0002392984425894,3.0,0.0,0.0
279,0.0,0.0,0.0,4.0,0.0004111870958819,0.0098535657026765,0.0085331950637271,0.0003684447157591,3.75,0.0018657424659198,0.0
280,0.0,0.0,0.0,4.0,0.0004109375876634,0.0,0.0085280171232718,0.0003684447157591,3.75,0.0018657424659198,0.0
281,0.0,0.0,0.000289070954255,2.0,0.0003810514026312,0.0018143656145589,0.0089903080095526,0.0002394130249174,2.0,0.0,0.0
282,0.0,0.0,0.0,1.0,0.0003482786439437,0.0,0.0086906269030653,0.0002096487837685,2.0,0.0,0.0
283,0.0,0.0,0.0,2.0,0.0003998537389896,0.0,0.0088407469490288,0.0003388553895476,4.0,0.0029511987181157,0.0
284,0.0,0.0,0.0,3.0,0.0004401301239649,0.0331297653869218,0.0082720216206617,0.000399281496996,3.333333333333333,0.0,0.0
285,0.452099857204122,19.53828652013649,0.0004796859300144,0.0,0.0,0.0,0.0,0.0,0.0,0.0,0.0
286,0.0,0.0,0.0,3.0,0.0003681217209735,0.0072299257119778,0.0081585666568575,0.0002308081571545,2.6666666666666665,0.0,0.0
287,0.0,0.0,0.0,2.0,0.0003624766873174,0.0036226119521717,0.0085229781785538,0.0002031858523444,2.5,0.0,0.0
288,0.0,0.0,0.0,3.0,0.0004319068955842,0.0344025749917389,0.0082382865486278,0.0003897158709862,3.6666666666666665,0.0,0.0
289,0.0,0.0,0.0,3.0,0.0004606012607324,0.0216561211127293,0.0083409954330822,0.0003672784236539,2.6666666666666665,0.0,0.0
290,0.3106234861975694,47.40936980072853,0.0007149739635198,3.0,0.0005214600481501,0.0758239606408106,0.0091059153230099,0.0003827154031477,3.333333333333333,0.0,0.0
291,0.2637802217944606,28.846658386701893,0.0,0.0,0.0,0.0,0.0,0.0,0.0,0.0,0.0
292,0.1128536208204318,70.08882232233854,0.0,0.0,0.0,0.0,0.0,0.0,0.0,0.0,0.0
293,0.0,0.0,0.0,3.0,0.0003972652658665,0.0291430564564491,0.0084911267784527,0.000336220725081,2.6666666666666665,0.0,0.0
294,0.2657817455612484,76.50735892780708,0.0001244461646374,2.0,0.0004717076948549,0.0283689679227502,0.0090753276520257,0.0003796355741323,4.0,0.0,0.0
295,0.1288180711959037,0.0,0.0,3.0,0.0004465319819163,0.0220416355603421,0.0081589078534741,0.0003998809967354,3.333333333333333,0.0,0.0
296,0.5232056471064401,50.37083307646911,0.0,0.0,0.0,0.0,0.0,0.0,0.0,0.0,0.0
297,0.0347980191609397,0.0,6.723057801256195e-05,2.0,0.0004058697831936,0.0210656108874175,0.0083604969814844,0.000339344854562,3.0,0.0,0.0
298,0.0666758491914761,38.66175968387695,0.0006067241601788,3.0,0.0004714193549986,0.0101059858767088,0.0088536014263461,0.0003482420595232,2.333333333333333,0.0,0.0
299,0.3706599651953508,35.52220796226125,0.0013743925634145,1.0,0.0003664031055732,0.0,0.0086186611717665,0.0002030208484878,3.0,0.0,0.0
300,0.1115865541685158,0.0,0.0,1.0,0.0003674641898755,0.0,0.0081507343225771,0.0002303827633861,5.0,0.0,0.0
301,0.0059470064606673,39.86370259344658,0.0002352165315033,5.0,0.0003904764389379,0.0108097027255259,0.0081302545161906,0.000266837264226,2.4,0.0003529957888473,0.0
302,0.0,0.0,0.0002292083042223,3.0,0.0005268990282368,0.0825643441970896,0.0087067796054571,0.000390943428852,2.6666666666666665,0.0,0.0
303,0.0112648252697521,0.0,0.0002344738345487,1.0,0.0004098529882819,0.0,0.0082546005994178,0.0002886364548942,3.0,0.0,0.0
304,0.0,0.0,0.0,3.0,0.0005877823703136,0.1066406393420553,0.0096602904482542,0.0003855717940926,3.333333333333333,0.0,0.0
305,0.2544132411050802,62.21286883648965,0.0001142016131727,3.0,0.0005846324584531,0.0,0.0096085211795655,0.0003855717940926,3.333333333333333,0.0,0.0
306,0.2856448373493203,54.24497320205248,0.0,0.0,0.0,0.0,0.0,0.0,0.0,0.0,0.0
307,0.0007781234366025,0.0,0.0,0.0,0.0,0.0,0.0,0.0,0.0,0.0,0.0
308,0.1560415237270465,57.95910260459001,0.0001884659979372,0.0,0.0,0.0,0.0,0.0,0.0,0.0,0.0
309,0.0183448011009142,37.628890336680456,0.0003853271425352,0.0,0.0,0.0,0.0,0.0,0.0,0.0,0.0
310,0.0260576848757513,53.78980065193574,0.0001911823621534,0.0,0.0,0.0,0.0,0.0,0.0,0.0,0.0
311,0.0,0.0,0.0,3.0,0.0003311794214005,0.014365002631289,0.0079518578570022,0.0002424691129647,2.333333333333333,0.0,0.0
312,0.0033975772583326,0.0,0.0015925072413334,3.0,0.000481466029715,0.0224424482003206,0.0083269391277297,0.0003745716783935,3.0,0.0,0.0
313,0.0,0.0,0.0008147899166063,2.0,0.0005239274557942,0.0770049810914342,0.0084858916043546,0.0003759736208941,2.5,0.0,0.0
314,0.0,0.0,0.0,2.0,0.0005448296855547,0.0774578075854557,0.0085346212321689,0.0003837703475631,2.5,0.0,0.0
315,0.0,0.0,0.0,0.0,0.0,0.0,0.0,0.0,0.0,0.0,0.0
316,0.1587072606686793,31.961654561780897,0.0018814286068804,0.0,0.0,0.0,0.0,0.0,0.0,0.0,0.0
317,0.0,0.0,0.0001283505204854,3.0,0.0005940106447045,0.107748228469324,0.0091320575863855,0.0004217715138048,3.333333333333333,0.0,0.0
318,0.090271473403187,45.34855526318638,0.0009266543064117,3.0,0.0004746258042441,0.0103874726162356,0.008704877713138,0.0003459606728041,2.333333333333333,0.0,0.0
319,0.0214089479855435,65.69488974678579,0.001560051397743,1.0,0.00043250747549,0.0,0.008520469344379,0.0002870674435741,3.0,0.0,0.0
320,0.0,0.0,0.0001991540841438,1.0,0.0004169386079141,0.0,0.0079508662019628,0.0002964058777161,3.0,0.0,0.0
321,0.0,0.0,0.0,3.0,0.0004761263320043,0.0188473729944069,0.0084321844392771,0.0003596149193759,2.6666666666666665,0.0,0.0
322,0.0,0.0,0.0029295538473863,2.0,0.000392217360246,0.0,0.0086988858485498,0.000251811309876,4.0,0.0021788933221512,0.0
323,0.0,0.0,0.0,3.0,0.000394179349196,0.0161304140302781,0.007684961194513,0.0002953138849493,3.6666666666666665,0.0004503548554408,0.0
324,0.0,0.0,0.0,3.0,0.0003936826955354,0.0017929481452471,0.0082024291040402,0.0002666238287069,3.333333333333333,0.0011766526294912,0.0
325,0.0,0.0,0.0,3.0,0.0003974943016475,0.0194225850273531,0.0072255378481235,0.0003557164968005,2.6666666666666665,0.0,0.0
326,0.3025547848060078,65.93628269657962,0.0002098812402923,1.0,0.00047342722985,0.0,0.0087132891841284,0.0003221268588379,4.0,0.0,0.0
327,0.0,0.0,0.0,2.0,0.0003922418271846,0.0023895776475051,0.006983465549332,0.000361859486649,3.5,0.0,0.0
328,0.0948823796116338,0.0,0.0003279350801313,3.0,0.0004555330652093,0.0191716946725574,0.0081896811105558,0.000375680751486,3.333333333333333,0.0,0.0
329,0.1505195319281025,30.714214509927743,0.0002898517797925,0.0,0.0,0.0,0.0,0.0,0.0,0.0,0.0
330,0.3097363859964472,60.36899590590956,0.0001200585802874,0.0,0.0,0.0,0.0,0.0,0.0,0.0,0.0
331,0.184518967149332,32.435064973107096,0.0,4.0,0.0005151328051186,0.0075940226902789,0.0085560493560352,0.0004126883880389,3.5,0.0,0.0
332,0.1319594508769443,0.0,0.0,3.0,0.0004911402545362,0.0035736577366018,0.0090133916528428,0.0003643791237076,4.0,0.005701419067909,0.0
333,0.2968328204975669,0.0,0.0001379794897627,3.0,0.0005608853878718,0.0416294410652437,0.0094844419392119,0.0004002587054632,3.333333333333333,0.0,0.0
334,0.3489148598068816,73.18110629461444,0.0004296141787555,3.0,0.0005442396606015,0.0042987920547308,0.0091131206375502,0.0004011988224165,3.333333333333333,0.0,0.0
335,0.0402108903995025,23.028107736853016,0.0001388006281336,3.0,0.0005793607911544,0.0171615121957189,0.0093412198655163,0.0004066583178293,3.0,0.0,0.0
336,0.0,0.0,0.0,1.0,0.0004366925395535,0.0,0.0085017874872722,0.0003015927067573,3.0,0.0,0.0
337,0.0069409524698216,0.0,0.0,0.0,0.0,0.0,0.0,0.0,0.0,0.0,0.0
338,0.4763860182826643,37.45520872031942,0.0002688823468571,0.0,0.0,0.0,0.0,0.0,0.0,0.0,0.0
339,0.1313105929503813,63.58072277578106,0.0,0.0,0.0,0.0,0.0,0.0,0.0,0.0,0.0
340,0.1424802600252749,84.12771284649595,0.0002895067661983,0.0,0.0,0.0,0.0,0.0,0.0,0.0,0.0
341,0.0078267731896822,0.0,0.0,3.0,0.0005966349779968,0.1373869463584182,0.0089083799956999,0.0004307604717945,3.333333333333333,0.0,0.0
342,0.0,0.0,0.0,4.0,0.0004538820082735,0.0124251918393322,0.0077353992186328,0.0004002140550153,2.5,0.0,0.0
343,0.15537382191294,24.5084958355679,0.0,3.0,0.0005837499678801,0.049180628816899,0.0095966942182427,0.000404225737776,3.0,0.0,0.0
344,0.2656402191759946,50.86480216060748,0.0004222834217552,0.0,0.0,0.0,0.0,0.0,0.0,0.0,0.0
345,0.1179894988060379,25.662869530563142,0.0006706685589996,4.0,0.0004640108788443,0.0036256715906448,0.0091240691234689,0.0003385275658326,2.25,0.0028507095339545,0.0
346,0.2467008097434792,40.81570810090776,0.0,4.0,0.0004805323308432,0.0083895286932896,0.0093949507441018,0.0003649199610997,3.0,0.0028507095339545,0.0
347,0.2829179173808919,0.0,0.0002887709632598,1.0,0.0004743937775697,0.0,0.0099199493317345,0.0003000005754862,4.0,0.0,0.0
348,0.1602339623990267,30.504161885854295,0.0009151410988222,0.0,0.0,0.0,0.0,0.0,0.0,0.0,0.0
349,0.030703405369323,69.25182922846214,5.537143972209567e-05,0.0,0.0,0.0,0.0,0.0,0.0,0.0,0.0
350,0.1741410708231384,0.0,0.0,0.0,0.0,0.0,0.0,0.0,0.0,0.0,0.0
351,0.0,0.0,0.0,0.0,0.0,0.0,0.0,0.0,0.0,0.0,0.0
352,0.0,0.0,0.0,4.0,0.0005285813826516,0.0408369947007061,0.008573389401904,0.0004159537890141,3.5,0.0,0.0
353,0.2162219079337054,27.11048105905546,0.0005283495507209,3.0,0.0005116064353912,0.0306116829235457,0.0091227070584144,0.0003968399251896,3.6666666666666665,0.0,0.0
354,0.0,0.0,0.0,1.0,0.0004224570813161,0.0,0.0088813748134472,0.0002819308389677,4.0,0.0,0.0
355,0.4107044125097958,37.11322787479389,0.0007533369036187,1.0,0.0004220669125774,0.0,0.0088731722410158,0.0002819308389677,4.0,0.0,0.0
356,0.1952250292708711,30.48519976602429,0.0002623157106988,4.0,0.0004955920415374,0.0348645804011798,0.0092394031272332,0.0004004649433501,3.5,0.0,0.0
357,0.0,0.0,0.0013720571249288,4.0,0.0004727690338503,0.0176785910976759,0.0083879026182218,0.0003730238810782,2.5,0.0,0.0
358,0.0570032141879644,11.527561169031811,0.0,4.0,0.0004807143611314,0.0436641006498672,0.0090733589040081,0.000401001523842,3.25,0.0,0.0
359,0.1504605465578252,0.0,0.0002710512306372,0.0,0.0,0.0,0.0,0.0,0.0,0.0,0.0
360,0.1518559029858369,69.6165286713778,0.0001257373357004,0.0,0.0,0.0,0.0,0.0,0.0,0.0,0.0
361,0.0972945616031029,0.0,0.0003216742574065,0.0,0.0,0.0,0.0,0.0,0.0,0.0,0.0
362,0.0,0.0,0.0,3.0,0.0004281242488372,0.0462831511828562,0.0082809856024369,0.0003708914002999,2.333333333333333,0.0,0.0
363,0.2802335214212937,31.448213354945175,0.000209234987679,3.0,0.0005823539888893,0.0530174154621889,0.0090249568190909,0.0004199856084751,3.333333333333333,0.0,0.0
364,0.1756127271122332,35.18453032512437,0.0002219243009274,3.0,0.00052018024327,0.0360517201287495,0.0090752180618549,0.0003965651992218,3.333333333333333,0.0,0.0
365,0.0,0.0,0.0,4.0,0.0005951985705597,0.1495306514582237,0.0088337096013778,0.0004273960174117,2.5,0.0,0.0
366,0.0,0.0,0.0010696452967433,2.0,0.0004641341502211,0.0132696520579128,0.0083847526680958,0.0003526298218364,3.5,0.0,0.0
367,0.0,0.0,0.0018211990312446,2.0,0.0004605406878711,0.0018143656145589,0.0087950132694136,0.0003056427603114,2.5,0.0,0.0
368,0.0,0.0,0.0005952527330362,3.0,0.0004988178123392,0.0046292330098275,0.0091119725377327,0.0003902123858344,3.6666666666666665,0.0,0.0
369,0.1716005036937009,25.69390488930872,0.0005822508885721,4.0,0.0005247627734901,0.0148025309329449,0.0081649307506923,0.0004275996161037,3.25,0.0,0.0
370,0.1785480454813793,30.973350632578143,0.000322869336665,1.0,0.0004470652140485,0.0,0.0091455268576646,0.0002587460357311,2.0,0.0,0.0
371,0.0405908913779013,56.36449464692606,0.0,2.0,0.0004050351894666,0.0002233536085376,0.0085643322236514,0.0002691497051883,2.5,0.0,0.0
372,0.3961333207210666,33.80149796483762,0.0005051902978207,2.0,0.0004088386014806,0.0001132066235053,0.0091312675718215,0.0002554251285178,2.5,0.0,0.0
373,0.0453935006442769,0.0,0.0,3.0,0.0004303479098093,0.0110238774186442,0.0085578501179511,0.0003022315897333,2.6666666666666665,0.0,0.0
374,0.2708695655668224,46.37095274222557,0.0002504732949731,0.0,0.0,0.0,0.0,0.0,0.0,0.0,0.0
375,0.265301033865103,46.31204395140559,0.0004840940879576,0.0,0.0,0.0,0.0,0.0,0.0,0.0,0.0
376,0.0,0.0,0.0012399735041063,3.0,0.0004600758107466,0.0124496689471172,0.0083051079768761,0.0003604307390196,2.333333333333333,0.0,0.0
377,0.186170492126759,19.198855922593797,0.0005714044363619,0.0,0.0,0.0,0.0,0.0,0.0,0.0,0.0
378,0.0446151091442554,36.16254560380274,0.0,0.0,0.0,0.0,0.0,0.0,0.0,0.0,0.0
379,0.0,0.0,0.0,1.0,0.0004556895773424,0.0,0.0088455123090633,0.0002969598898029,3.0,0.0,0.0
380,0.0151628367847922,26.028021462185283,0.0,3.0,0.0005955584953231,0.1984542706433807,0.0088827483073456,0.0004173959403679,3.0,0.0,0.0
381,0.3088138666035348,0.0,0.0002900556921498,3.0,0.0005021779126089,0.0044028197628168,0.0088325320404022,0.000394399199881,3.0,0.0,0.0
382,0.3086027455730995,22.084762980252343,0.0012252877669045,4.0,0.0004804521113133,0.01586728512159,0.008926302014249,0.0003885656413551,2.75,0.0,0.0
383,0.1797172169887851,0.0,0.0,3.0,0.0004460382490814,0.0168922640100845,0.0080271626522961,0.0003944920522674,3.333333333333333,0.0,0.0
384,0.3135258712613053,17.839790563290467,0.0,3.0,0.0004402704673837,0.0678291253105533,0.0092346691851786,0.000287455913099,3.0,0.0,0.0
385,0.0053302485750093,0.0,0.0,3.0,0.0004889061048666,0.0097877834755045,0.0091876203627443,0.0003300654850481,3.333333333333333,0.0015623252695214,0.0
386,0.1687788248906077,23.175649484394185,0.00055377174896,0.0,0.0,0.0,0.0,0.0,0.0,0.0,0.0
387,0.0879469992418341,0.0,0.0,0.0,0.0,0.0,0.0,0.0,0.0,0.0,0.0
388,0.0,0.0,0.0002290005893869,0.0,0.0,0.0,0.0,0.0,0.0,0.0,0.0
389,0.2606798855360666,45.47888860480544,0.0002627968573391,0.0,0.0,0.0,0.0,0.0,0.0,0.0,0.0
390,0.1884619125582375,40.93240088161133,8.153971236139618e-05,0.0,0.0,0.0,0.0,0.0,0.0,0.0,0.0
391,0.0,0.0,0.0,0.0,0.0,0.0,0.0,0.0,0.0,0.0,0.0
392,0.1769654374127351,28.23120314108528,0.0001029755609664,3.0,0.0004901012398907,0.0116725207749452,0.0080975882663163,0.0004027113897023,3.333333333333333,0.0,0.0
393,0.0886158796464564,28.2722786844816,0.0,1.0,0.0004377095084289,0.0,0.0103190380092284,0.0002362101442651,3.0,0.0,0.0
394,0.3326759665671615,22.10746918090637,0.0,3.0,0.0004523693549825,0.0622361061816935,0.0100495765864732,0.0002746861520359,2.333333333333333,0.0,0.0
395,0.5745010783549797,25.163372212572416,0.0,3.0,0.0003937520612186,0.0081447576154401,0.0069137525859415,0.0003776134195537,3.333333333333333,0.0,0.0
396,0.0083643902535428,0.0,0.0,2.0,0.0004003578013596,0.0039775300150534,0.0066662281285359,0.0003876202784094,3.5,0.0,0.0
397,0.0871975001982325,31.75013722812121,0.0001308005269551,1.0,0.0004414665091609,0.0,0.010822618360946,0.000233091343399,3.0,0.0,0.0
398,0.3507690990136434,32.66936955518409,0.0,3.0,0.0004577401715381,0.0646165049137793,0.0105991986526938,0.0002704776159844,2.333333333333333,0.0,0.0
399,0.0470331150720538,0.0,0.0,0.0,0.0,0.0,0.0,0.0,0.0,0.0,0.0
400,0.2769134801085368,44.59503608634566,0.000487317845837,0.0,0.0,0.0,0.0,0.0,0.0,0.0,0.0
401,0.145289711142248,31.88650906500829,0.0,0.0,0.0,0.0,0.0,0.0,0.0,0.0,0.0
402,0.1229905618563779,17.718946197237862,0.0,0.0,0.0,0.0,0.0,0.0,0.0,0.0,0.0
403,0.0,0.0,0.0,3.0,0.0004156568840077,0.0059999510457844,0.0066579294750744,0.0004085719379904,3.0,0.0,0.0
404,0.1483023353478431,23.45702947744089,0.0002922976265275,3.0,0.0004722882090171,0.0150748387570524,0.0083284761475039,0.0003908434653051,3.333333333333333,0.0,0.0
405,0.1258823226693901,34.74433152106204,0.0001798519203877,1.0,0.0004592863387731,0.0,0.0091575371775973,0.000315799339118,4.0,0.0,0.0
406,0.1097260665661297,54.312042481596485,0.0,0.0,0.0,0.0,0.0,0.0,0.0,0.0,0.0
407,0.0,0.0,0.0,0.0,0.0,0.0,0.0,0.0,0.0,0.0,0.0
408,0.1278630521872303,25.04304526093036,0.000159631784793,1.0,0.0004637279049029,0.0,0.011695843467591,0.000221820768115,3.0,0.0,0.0
409,0.4495422260601265,14.800622208549004,0.0,3.0,0.0004827025812735,0.068288071081521,0.0115180990106484,0.0002554184365964,2.333333333333333,0.0,0.0
410,0.3663794656014795,36.927125883242994,0.0009743502877552,3.0,0.0004261329496921,0.0119234111297409,0.009981633787852,0.0002559094274189,2.6666666666666665,0.0,0.0
411,0.0754945012691933,0.0,0.0,1.0,0.0004691899007479,0.0,0.0115409896594336,0.0002226657294071,3.0,0.0,0.0
412,0.2506472276198968,31.72614482083422,0.0,3.0,0.0004886017042125,0.0742727239349398,0.0113541430642139,0.0002565393899215,2.333333333333333,0.0,0.0
413,0.3278041160116719,23.64929064312721,0.0,3.0,0.0004341301156307,0.0627470658067042,0.0096224854739648,0.0002642090851545,3.0,0.0,0.0
414,0.0875107517722368,0.0,0.0,1.0,0.0004766518785905,0.0,0.011186834623071,0.0002351895603132,3.0,0.0,0.0
415,0.313636156154452,32.73851859120692,0.0,3.0,0.0004965765798511,0.078684722613176,0.0109792843112361,0.000273306976221,2.333333333333333,0.0,0.0
416,0.0,0.0,0.0,2.0,0.0004259532732335,0.0361220918136313,0.0082009043152953,0.0003524787817879,2.5,0.0,0.0
417,0.1623875289714322,17.456380179137263,0.0,2.0,0.0003813524738697,0.0018143656145589,0.0104165365358385,0.0001909530254375,2.0,0.0,0.0
418,0.2241418548796622,30.129456884456715,0.0,1.0,0.0003472065812565,0.0,0.0099559339004597,0.0001715298213968,2.0,0.0,0.0
419,0.0,0.0,0.0,0.0,0.0,0.0,0.0,0.0,0.0,0.0,0.0
420,0.3312860551271923,81.50855630672821,0.0001008743774976,0.0,0.0,0.0,0.0,0.0,0.0,0.0,0.0
421,0.2789094698126008,33.47924837142395,0.0,3.0,0.0004045077332169,0.0091177226498916,0.0099647970964336,0.0002387801420287,3.333333333333333,0.0,0.0
422,0.0813247503183116,0.0,0.0,3.0,0.0004702593991832,0.025459251734815,0.0080587226596555,0.0003904444731634,2.6666666666666665,0.0,0.0
423,0.2574688323132445,28.678166701727427,0.0,0.0,0.0,0.0,0.0,0.0,0.0,0.0,0.0
424,0.2580516211294559,23.2497433670777,0.0,0.0,0.0,0.0,0.0,0.0,0.0,0.0,0.0
425,0.0919972692122515,31.251823442163,0.0,1.0,0.0004840039834869,0.0,0.01082892588775,0.000245097714345,3.0,0.0,0.0
426,0.3177836631499419,31.459771560980272,0.0,3.0,0.0005045138589948,0.0830049321372186,0.0106018389274601,0.0002867790218291,2.333333333333333,0.0,0.0
427,0.0,0.0,0.0,0.0,0.0,0.0,0.0,0.0,0.0,0.0,0.0
428,0.0424944476613205,0.0,0.0,0.0,0.0,0.0,0.0,0.0,0.0,0.0,0.0
429,0.0,0.0,0.0,0.0,0.0,0.0,0.0,0.0,0.0,0.0,0.0
430,0.0,0.0,0.0,0.0,0.0,0.0,0.0,0.0,0.0,0.0,0.0
431,0.3156082821141553,19.51448525249417,0.0,3.0,0.000413178286201,0.0477793143962109,0.0096611345203054,0.0002419435841547,3.333333333333333,0.0,0.0
432,0.0038481810849519,0.0,0.0,2.0,0.0004170927225919,0.0358008297739539,0.0078409580516675,0.0003533378020457,4.0,0.0,0.0
433,0.0660348084330372,29.015482537559706,0.0,1.0,0.0004915205711537,0.0,0.0110545753650407,0.0002462750183092,3.0,0.0,0.0
434,0.3644008148833499,0.0,0.0,3.0,0.0005094370588722,0.0040234245921501,0.010764866099446,0.0002883921160967,2.333333333333333,0.0,0.0
435,0.1395327511479599,60.93979881614662,0.0,3.0,0.0003107063134933,0.0108097027255259,0.007874189817311,0.0002125291619312,2.333333333333333,0.0,0.0
436,0.1843825626188574,108.9390514548848,3.243754395020404e-05,1.0,0.0003275425633573,0.0,0.0083098807860058,0.0002119885170288,3.0,0.0,0.0
437,0.0529946412977626,41.87229173686857,0.0,0.0,0.0,0.0,0.0,0.0,0.0,0.0,0.0
438,0.0147857463382523,0.0,0.0,0.0,0.0,0.0,0.0,0.0,0.0,0.0,0.0
439,2.7661787440092e-05,0.0,0.0,0.0,0.0,0.0,0.0,0.0,0.0,0.0,0.0
440,0.2012328575229285,39.36589482533509,0.0,0.0,0.0,0.0,0.0,0.0,0.0,0.0,0.0
441,0.4106952993890605,25.57415654031727,0.0,3.0,0.0004769426717392,0.0659443880111126,0.0107463942139179,0.0002740679734392,3.0,0.0,0.0
442,0.0732580038517839,0.0,0.0,0.0,0.0,0.0,0.0,0.0,0.0,0.0,0.0
443,0.170765221788022,23.81075568562272,0.0,1.0,0.0005012639125146,0.0,0.0101830011571591,0.0002516704836818,4.0,0.0,0.0
444,0.3881382547530055,0.0,0.0,4.0,0.0005170351858676,0.0120396773917193,0.0098003969951713,0.0002958186330261,2.25,0.0,0.0
445,0.0,0.0,0.0,3.0,0.0005029971941588,0.0098428569680206,0.0093590058399779,0.000335127828673,3.333333333333333,0.0070414652811169,0.0
446,0.0178314314972683,0.0,0.0,4.0,0.0005061893711474,0.029944681736406,0.0089529938852791,0.0003493466368996,2.75,0.0035207326405584,0.0
447,0.241156507084411,0.0,0.0,3.0,0.00042090313091,0.0074318618512036,0.0076587774001053,0.0003454007135714,2.6666666666666665,0.0,0.0
448,0.5088347068840525,49.77691843428363,0.0,1.0,0.0003602730678715,0.0,0.0070453981953775,0.0002866817960879,3.0,0.0,0.0
449,0.0,0.0,0.0,0.0,0.0,0.0,0.0,0.0,0.0,0.0,0.0
450,0.0,0.0,0.0001581511156882,0.0,0.0,0.0,0.0,0.0,0.0,0.0,0.0
451,0.0493303499931045,27.410148117467333,0.0,3.0,0.0004918288104282,0.0057062257523651,0.01072320094354,0.0002724196000727,3.0,0.0,0.0
452,0.3305614854136773,0.0,0.0,3.0,0.0004841857119723,0.0712926360621229,0.011707801974385,0.0002501096422872,2.333333333333333,0.0,0.0
453,0.1684432837272549,30.182877276544037,0.0,1.0,0.0004659840223598,0.0,0.0119012577636028,0.0002178057748907,3.0,0.0,0.0
454,0.0979028140244135,50.16352530295028,6.113130130747383e-05,3.0,0.0004449315648158,0.0365320833690291,0.0081674114469715,0.00034651929341,3.6666666666666665,0.0054791400115954,0.0
455,0.3395051322492913,32.70226157835,0.0,3.0,0.000493086164727,0.075600607032273,0.0108523662070441,0.0002766622689743,3.0,0.0,0.0
456,0.0835049925006095,0.0,0.0,3.0,0.0005090549766717,0.0065170299477413,0.0105315253293251,0.0002875936136949,3.0,0.0,0.0
457,0.4383124875316478,15.65486148739146,0.0,1.0,0.0005129237417677,0.0,0.0097495139265188,0.0002706192159643,3.0,0.0,0.0
458,0.5060264684735243,0.0,0.0,3.0,0.0005231478564791,0.0139060568603213,0.009232547876402,0.000322348856248,3.0,0.0,0.0
459,0.2743996587017798,0.0,0.0,3.0,0.0005009826785907,0.0799667111334124,0.0104724982606525,0.0002907370051989,3.0,0.0,0.0
460,0.1753804959469357,23.89967454468705,0.0025890911432183,0.0,0.0,0.0,0.0,0.0,0.0,0.0,0.0
461,0.4649410020734043,0.0,0.0,0.0,0.0,0.0,0.0,0.0,0.0,0.0,0.0
462,0.1378364451561712,63.27038247086576,0.0005071512403084,2.0,0.0005360171423874,0.0310920461638252,0.0091548721790246,0.000350192312057,4.0,0.0,0.0
463,0.0896629421409967,0.0,0.0,3.0,0.0005177943794416,0.0079887160533111,0.0101460232240103,0.0003030422139021,3.0,0.0,0.0
464,0.1360368896887513,0.0,0.0,3.0,0.0005091787398341,0.085088545937412,0.010088112080807,0.0003055924553759,3.0,0.0,0.0
465,0.539437022805478,0.0,0.0018000475743454,3.0,0.000513754344581,0.0065262088631607,0.0103754859143043,0.000285425568702,2.6666666666666665,0.0,0.0
466,0.0,0.0,0.0,0.0,0.0,0.0,0.0,0.0,0.0,0.0,0.0
467,0.0,0.0,0.0,0.0,0.0,0.0,0.0,0.0,0.0,0.0,0.0
468,0.3949469811964493,20.482184874730947,0.0,1.0,0.0005058312757964,0.0,0.010903234753324,0.0002441084212248,3.0,0.0,0.0
469,0.1379817672775297,0.0,0.0004668183769257,3.0,0.0005265901453643,0.0941053005176908,0.0097448622934106,0.0003255212479282,3.0,0.0,0.0
470,0.1947182996000781,0.0,0.0,3.0,0.0004001700064496,0.0018143656145589,0.0098680327156724,0.000224850552095,2.6666666666666665,0.0,0.0
471,0.269770658280545,25.84662129332953,0.0,4.0,0.0004034569944909,0.009126901565311,0.0104375235590832,0.000225866492997,3.5,0.0,0.0
472,0.1973591093155233,19.405859985299493,0.0,1.0,0.0003940111348625,0.0,0.0102518785837106,0.0001983970130848,3.0,0.0,0.0
473,0.1264692951770808,19.15999532326072,0.0003824976649863,0.0,0.0,0.0,0.0,0.0,0.0,0.0,0.0
474,0.0,0.0,0.0,0.0,0.0,0.0,0.0,0.0,0.0,0.0,0.0
475,0.4016896602695438,0.0,0.0,2.0,0.0005068179350161,0.0018143656145589,0.0102935050678335,0.0002517972235399,2.5,0.0,0.0
476,0.0,0.0,0.0,2.0,0.0004487339863997,0.0241986806838903,0.0081518137995104,0.0003589029730515,3.0,0.0,0.0
477,0.2506957771697013,28.63429238830615,0.0003355943785959,1.0,0.0004801239119868,0.0,0.0104041530160747,0.0002190844620028,2.0,0.0,0.0
478,0.2009353164128267,30.79164143106713,0.0001856007517904,4.0,0.0005598693720782,0.1483771677538582,0.0091424861447375,0.0003752516107399,2.5,0.0,0.0
479,0.1640653589267778,18.6509681026644,0.0,3.0,0.0003398669387664,0.0018143656145589,0.0097072902625496,0.000185011792752,2.333333333333333,0.0033050247498243,0.0
480,0.2595231242730291,16.18706492313789,0.0,1.0,0.0003143937993626,0.0,0.0094071943256393,0.0001667205490272,3.0,0.0,0.0
481,0.0,0.0,0.0,3.0,0.0003525864799492,0.0018143656145589,0.0100705862004117,0.000185011792752,2.333333333333333,0.0033050247498243,0.0
482,0.0,0.0,0.0,3.0,0.0003562215347307,0.0072329853504509,0.0096933376240388,0.0001995054580792,3.333333333333333,0.0033050247498243,0.0
483,0.3633006561127567,24.64361251603684,0.0,3.0,0.0004778700162606,0.0036256715906448,0.0110642194168891,0.000234752373995,1.6666666666666667,0.0,0.0
484,0.1858334473616522,23.34396819828756,0.0,1.0,0.0004756870615666,0.0,0.0116604497090542,0.0002060662683918,3.0,0.0,0.0
485,0.0880405076158856,24.16037011365902,0.0,1.0,0.0004657308225011,0.0,0.0114163938280051,0.0002060662683918,3.0,0.0,0.0
486,0.0,0.0,0.0,0.0,0.0,0.0,0.0,0.0,0.0,0.0,0.0
487,0.1388087340272797,15.18065189937347,0.0,0.0,0.0,0.0,0.0,0.0,0.0,0.0,0.0
488,0.2065736987586696,26.626373584243435,0.0,4.0,0.000409906967605,0.0432694072868349,0.0100808864935448,0.0002363248698684,3.5,0.0,0.0
489,0.214530539090688,64.93453359658558,0.0,2.0,0.0003764197781303,9.790843113977652e-05,0.0107625335802701,0.0001939873816322,2.5,0.0,0.0
490,0.2683138354002268,59.21800459300026,0.0001049633770211,2.0,0.0003958959831603,0.0018357830838708,0.0108038034077703,0.0002012249003908,2.5,0.0,0.0
491,0.1500579776776913,30.24370413700889,0.0,3.0,0.0003985131863169,0.0071809714964079,0.0103452616315891,0.0002152440087977,2.333333333333333,0.0,0.0
492,0.1266780664134164,0.0,0.0,4.0,0.0003899609625029,0.0315907672349435,0.0100874840418131,0.0002208488314977,2.75,0.0,0.0
493,0.0,0.0,0.0,3.0,0.0004273909349336,0.0173236730347942,0.0079081422517427,0.0003552282689169,3.333333333333333,0.001149647338285,0.0
494,0.1248151467965684,0.0,0.0,3.0,0.0004313878865852,0.02297176565617,0.0080691405197283,0.000355594963362,3.0,0.001149647338285,0.0
495,0.4899196064329883,51.07823272923693,0.0,4.0,0.0004258382808208,0.0102895641850958,0.0079936498716404,0.0003501834804289,2.5,0.0005748236691425,0.0
496,0.0,0.0,0.0,1.0,0.0004185743929405,0.0,0.0084264142109782,0.0002899688879836,4.0,0.0,0.0
497,0.1690253074757354,0.0,0.0,4.0,0.0003851787255246,0.0180916422915468,0.0104556959141719,0.000215911738869,3.25,0.0,0.0
498,0.1657030244166888,37.06419219971151,0.0002024229120854,3.0,0.0005869085115928,0.2095882950470572,0.0089811560378026,0.0004041740309716,2.6666666666666665,0.0,0.0
499,0.0215458701551266,0.0,0.0,6.0,0.0004193425108006,0.0395305290726847,0.0076573019720705,0.0003737598084019,2.833333333333333,0.0004226536213539,0.0
500,0.0027615443735862,0.0,0.0,3.0,0.0005564593628108,0.0256520089586214,0.0087984534079534,0.000397823555268,3.333333333333333,0.0007871577679114,0.0
501,0.1326104232490238,38.49959929656259,0.0004131905355901,1.0,0.0005168068535918,0.0,0.0083729313251228,0.0003409768530428,4.0,0.0,0.0
502,0.0,0.0,0.0,3.0,0.000426242227721,0.0158703447600631,0.0075301694241911,0.0003679548258713,3.0,0.0,0.0
503,0.0,0.0,0.0,3.0,0.0004152183787245,0.0051463119117845,0.0070326709700349,0.0003791901005264,3.0,0.0,0.0
504,0.2026584310298496,36.39380142572819,0.0011999482138692,3.0,0.0003583688184296,0.0036256715906448,0.008147837606341,0.0002223040194265,1.6666666666666667,0.0,0.0
505,0.0,0.0,0.0,1.0,0.0003513572573218,0.0,0.0084661498671073,0.0001964117839137,3.0,0.0,0.0
506,0.2386087979388552,41.3454324289761,0.0,3.0,0.0004034693791758,0.0145852966013535,0.0073915069741986,0.0003455378227364,2.333333333333333,0.0,0.0
507,0.4646682347686947,44.54168869860113,0.0,0.0,0.0,0.0,0.0,0.0,0.0,0.0,0.0
508,0.0664903348028406,0.0,0.0,0.0,0.0,0.0,0.0,0.0,0.0,0.0,0.0
509,0.0237046795028859,0.0,0.0,3.0,0.0005402132707721,0.1143050337172159,0.0093318230754117,0.0003560607568588,3.333333333333333,0.0,0.0
510,0.0,0.0,0.0,0.0,0.0,0.0,0.0,0.0,0.0,0.0,0.0
511,0.4272445428357469,26.28461966956848,0.0011466374287108,1.0,0.0003292179276432,0.0,0.0079326903209897,0.0001964117839137,3.0,0.0,0.0
512,0.2671737707283403,46.8180914918137,0.000129959974646,3.0,0.0003961393136587,0.0054247390128382,0.0084716021755215,0.0002557973779555,3.333333333333333,0.0,0.0
513,0.0,0.0,0.0,3.0,0.0002939865180366,0.0072329853504509,0.0078447913858014,0.0001890274609361,3.0,0.0015674506149778,0.0
514,0.1909814882721935,109.7802585095722,0.0,1.0,0.0003051356423215,0.0,0.0081478937511935,0.0001887420415051,3.0,0.0,0.0
515,0.0557543993766393,0.0,0.0,3.0,0.0005058095372102,0.0238865975596323,0.0092188159063379,0.0003388426516932,3.0,0.0,0.0
516,0.2964424307407949,0.0,0.0,1.0,0.0003727075168534,0.0,0.0111375118392836,0.0001752539396299,4.0,0.0,0.0
517,0.0,0.0,0.0,4.0,0.0003822652529479,0.0072360449889241,0.0109033721475655,0.0001955796716556,1.75,0.0,0.0
518,6.885384677923488e-05,0.0,0.0,4.0,0.0004382470440573,0.0442331934058671,0.0082225624065302,0.0003495064471631,2.5,0.0,0.0
519,0.082639811811449,54.74320869801988,0.0002512874996431,2.0,0.0005713975168747,0.1399876390605686,0.0090529897313718,0.0003753563148449,3.5,0.0,0.0
520,0.0690045525628145,0.0,0.0,0.0,0.0,0.0,0.0,0.0,0.0,0.0,0.0
521,0.4068974280009141,55.10462719085919,0.0,0.0,0.0,0.0,0.0,0.0,0.0,0.0,0.0
522,0.1498142541619705,0.0,0.0,1.0,0.000332362602549,0.0,0.0099448513141553,0.0001667205490272,3.0,0.0,0.0
523,0.2291705131989478,33.22400232066408,0.0010120944641419,1.0,0.0003835076177202,0.0,0.0077169598571807,0.0002895045161093,4.0,0.0,0.0
524,0.3227851138902858,20.93495411905068,0.0003313433705364,3.0,0.0003996809155246,0.0232195963724926,0.0080185731636521,0.0002917001775972,3.333333333333333,0.0,0.0
525,0.0,0.0,0.0,3.0,0.0004154681706095,0.0380527236901687,0.0078618587075601,0.0003652103702425,3.0,0.0,0.0
526,0.0,0.0,0.0,0.0,0.0,0.0,0.0,0.0,0.0,0.0,0.0
527,0.057021405569285,0.0,0.0,0.0,0.0,0.0,0.0,0.0,0.0,0.0,0.0
528,0.0473220880678421,0.0,0.0,0.0,0.0,0.0,0.0,0.0,0.0,0.0,0.0
529,0.193202930605814,36.07486170922393,0.0002737492465597,0.0,0.0,0.0,0.0,0.0,0.0,0.0,0.0
530,0.0,0.0,0.0,0.0,0.0,0.0,0.0,0.0,0.0,0.0,0.0
531,0.2418837399044644,38.52287165780739,0.0,0.0,0.0,0.0,0.0,0.0,0.0,0.0,0.0
532,0.3629646130106173,34.536300117967215,0.0,3.0,0.0003768411401605,0.0019153336841718,0.0112472110761629,0.0001922292561239,2.333333333333333,0.0,0.0
533,0.3547369364878172,43.60253572375009,0.0,3.0,0.0005591893204162,0.0926978668200565,0.0091275347089957,0.0003854928879763,3.0,0.0007575173217598,0.0
534,0.2343717320579538,25.723891842457128,0.0002451195548452,0.0,0.0,0.0,0.0,0.0,0.0,0.0,0.0
535,0.296531856882974,66.21778518782337,7.191337863077548e-05,0.0,0.0,0.0,0.0,0.0,0.0,0.0,0.0
536,0.2521453710631955,70.28556312539823,0.0001011069351067,1.0,0.000356885606301,0.0,0.0111368607492469,0.0001725589276627,3.0,0.0,0.0
537,0.296390932817655,41.1877044315746,0.0,0.0,0.0,0.0,0.0,0.0,0.0,0.0,0.0
538,0.0229658495077741,0.0,0.0,0.0,0.0,0.0,0.0,0.0,0.0,0.0,0.0
539,0.5189092546768574,34.154223007780296,0.0,2.0,0.0003831852492691,0.0089494425338701,0.0104217903850688,0.000204514594225,4.0,0.0,0.0
540,0.1288074598459642,21.00399159962776,0.0,1.0,0.000360923107438,0.0,0.0107853617123118,0.0001752539396299,4.0,0.0,0.0
541,0.0,0.0,0.0,4.0,0.000414092919408,0.0048036324027952,0.0073990866347151,0.000368542629282,4.0,0.0010566340533848,0.0
542,0.0,0.0,0.0,2.0,0.0004142509871548,0.0042773745854189,0.0075111397827721,0.0003513826430614,4.5,0.0,0.0
543,0.376824568867421,16.11649970139932,0.0,0.0,0.0,0.0,0.0,0.0,0.0,0.0,0.0
544,0.5889489960889458,32.27992536492739,0.0,0.0,0.0,0.0,0.0,0.0,0.0,0.0,0.0
545,0.2644451796041766,43.26892847527739,0.0,1.0,0.0003680227206514,0.0,0.0100203728487418,0.000195274966351,4.0,0.0,0.0
546,0.2485877106107446,55.35008384150711,0.0,4.0,0.0003219802377405,0.014365002631289,0.0091661413946295,0.0001919930398883,3.75,0.0012531065055359,0.0
547,0.2217991862788005,71.60919418030484,0.0,1.0,0.000330114949209,0.0,0.0094098310271366,0.0001914050648443,4.0,0.0,0.0
548,0.0,0.0,0.0,3.0,0.0004163171443204,0.0,0.0078664691112947,0.0003505775565703,4.0,0.0011452594618555,0.0
549,0.0,0.0,0.0,4.0,0.0004190550304023,0.0372878140718892,0.0076241884274576,0.0003650773435909,3.75,0.000484004322457,0.0
550,0.0,0.0,0.0,2.0,0.0004117579091467,0.0018143656145589,0.0080767677629688,0.000306136655892,3.5,0.0,0.0
551,0.1899011798449237,22.49396661063198,0.0,2.0,0.0004296644503608,0.0018143656145589,0.0094131666070547,0.0002472846659047,2.0,0.0,0.0
552,0.1697355577911123,27.930218807100303,0.0003030901284349,3.0,0.0004521149255038,0.0109351479029237,0.0092923663614352,0.0002896097518916,3.0,0.0,0.0
553,0.3021336447824973,33.66790128574265,0.0001591603962438,1.0,0.000404511659575,0.0,0.0094121130383137,0.00021566028357,2.0,0.0,0.0
554,0.1810613444697115,34.69287819840066,0.0,2.0,0.0004127273115561,0.0,0.0080683395803916,0.0003338971959384,3.5,0.0,0.0
555,0.0,0.0,0.0,3.0,0.0004167760478557,0.0358987382050936,0.0077786241678928,0.0003439490272357,3.333333333333333,0.0018677588739124,0.0
556,0.1545333996294457,0.0,0.0,1.0,0.0004007383437727,0.0,0.00788634265926,0.0002867762436934,3.0,0.0,0.0
557,0.0,0.0,0.0,1.0,0.0004057655151024,0.0,0.0085109281142383,0.0002590999081027,2.0,0.0,0.0
558,0.3168457451058514,33.20866505143994,0.0,0.0,0.0,0.0,0.0,0.0,0.0,0.0,0.0
559,0.2284899371551183,31.944051478773854,0.0,0.0,0.0,0.0,0.0,0.0,0.0,0.0,0.0
560,0.0,0.0,0.0,0.0,0.0,0.0,0.0,0.0,0.0,0.0,0.0
561,0.4353918179886588,30.906055980081327,0.0,3.0,0.0003632137963381,0.0158703447600631,0.0068089297097749,0.0003401451721284,3.0,0.0,0.0
562,0.2682544326733662,43.0950440946793,0.0,4.0,0.0004242532676126,0.0068046359642144,0.0091632963097797,0.0002975926020617,3.25,0.0012719424843695,0.0
563,0.2721984251478328,0.0,0.000266907280939,3.0,0.0004583467906642,0.0181283579532242,0.0088876339041255,0.0003119656212884,3.333333333333333,0.0,0.0
564,0.1745452479207848,52.69075076165252,0.0,4.0,0.0004311546404765,0.0055073492516124,0.0088160930312368,0.0003072813928399,3.25,0.0032170664350973,0.0
565,0.17332878274823,57.07743001385806,0.0004118552176795,0.0,0.0,0.0,0.0,0.0,0.0,0.0,0.0
566,0.1315432415467293,42.66124095368651,0.0002761071995774,0.0,0.0,0.0,0.0,0.0,0.0,0.0,0.0
567,0.021569183748962,0.0,0.0,4.0,0.0003529684725572,0.0036256715906448,0.0080185814528919,0.0002380851733609,2.0,0.0,0.0
568,0.2647599846851432,32.4959296713353,0.0004907209005268,1.0,0.0003392436491857,0.0,0.008168043017494,0.0002086298681177,4.0,0.0,0.0
569,0.1203200294700066,42.59818297832937,0.0,3.0,0.0002905767795593,0.0018143656145589,0.0081462259165471,0.0001759663935599,2.333333333333333,0.0015674506149778,0.0
570,0.2691869458045968,80.5239476334673,0.0,1.0,0.0002898236975405,0.0,0.0085191751981022,0.0001593396123197,3.0,0.0,0.0
571,0.1383242534883796,0.0,0.0,3.0,0.0003581717873925,0.0072299257119778,0.0086155675702654,0.0002326296840141,2.6666666666666665,0.0,0.0
572,0.3233020635254432,50.17709405660568,0.0003223046971891,1.0,0.0003445246700658,0.0,0.0087557322875085,0.0002044288467294,3.0,0.0,0.0
573,0.1505508908663166,36.17703143186736,0.0,3.0,0.0002922433739776,0.0018143656145589,0.0081929483513662,0.0001759663935599,2.333333333333333,0.0015674506149778,0.0
574,0.4912193031948025,28.036521439040627,0.0,3.0,0.0003904508306919,0.014365002631289,0.0083553230982778,0.0002555794561063,2.333333333333333,0.0,0.0
575,0.2066179817736309,43.35440654822567,0.0,0.0,0.0,0.0,0.0,0.0,0.0,0.0,0.0
576,0.1584972195520691,37.3561813519972,0.0004373281589916,0.0,0.0,0.0,0.0,0.0,0.0,0.0,0.0
577,0.0,0.0,0.0,3.0,0.0004061167231629,0.0,0.0076793153030959,0.0003313396935754,3.0,0.0039652624455101,0.0
578,0.0,0.0,0.0,3.0,0.0004158487836315,0.0344974237844056,0.0078633401329649,0.0003313396935754,3.0,0.0039652624455101,0.0
579,0.5442347709931289,36.4884990064953,0.0,2.0,0.0004128487007818,0.0127280960481709,0.00818903761341,0.0003401992041686,3.5,0.0,0.0
580,0.1782284121138573,36.17356747242036,0.0,3.0,0.0004131236224592,0.0444687855682972,0.007841173841373,0.0003740264434304,3.333333333333333,0.0,0.0
581,0.035554551282803,0.0,0.0001574368954689,3.0,0.0004971975404864,0.005082059503849,0.0095657345362637,0.000329941927792,3.0,0.0,0.0
582,0.1491770110442833,18.69553629579383,0.0,1.0,0.0002818307700068,0.0,0.0082842283991248,0.0001593396123197,3.0,0.0,0.0
583,0.0817527528926233,0.0,0.0,3.0,0.0004130424785516,0.0199243657369445,0.0082658037020434,0.0003479022600911,3.0,0.0,0.0
584,0.2256824955582156,39.65146683074723,0.0,4.0,0.0004065648560341,0.0448022861618671,0.0076066883855909,0.0003750391338247,2.75,0.0,0.0
585,0.4825778352850254,39.2746791479126,0.0009281141103133,1.0,0.0005068393074629,0.0,0.010271859120612,0.0002802988639243,3.0,0.0,0.0
586,0.0454979377335544,0.0,0.0,3.0,0.0005148476604571,0.0071534347501499,0.0097341426350403,0.0003361773267189,2.333333333333333,0.0,0.0
587,0.2503273352305816,37.500114428076365,0.0,3.0,0.0005065689041832,0.0049810914342361,0.0098796039947085,0.000324403351595,2.333333333333333,0.0,0.0
588,0.0,0.0,0.0,3.0,0.0005514743891974,0.0878850555018419,0.0099524703492701,0.000369419245959,3.0,0.0,0.0
589,0.0,0.0,0.0,0.0,0.0,0.0,0.0,0.0,0.0,0.0,0.0
590,1.021108038939343e-05,0.0,0.0,0.0,0.0,0.0,0.0,0.0,0.0,0.0,0.0
591,0.0,0.0,0.0,3.0,0.0004144965990278,0.0349104749782765,0.0079185536664281,0.0003390556118516,3.333333333333333,0.0020975035715976,0.0
592,0.0,0.0,0.0,3.0,0.0005548985563372,0.0873159627458419,0.0095676893775515,0.0003778048653786,3.0,0.0007575173217598,0.0
593,0.2605710905233657,15.794814209971191,0.001918355600648,3.0,0.0005544476227552,0.0078755094298057,0.0093323578061898,0.0003809912331738,3.0,0.0007575173217598,0.0
594,0.0,0.0,0.0,3.0,0.0005539329125816,0.0313153997723629,0.0092271678383542,0.0003852331541343,3.0,0.0007871577679114,0.0
595,0.3603798825474454,0.0,0.0,3.0,0.0005535049424846,0.0077194678676767,0.0091718129596847,0.0003859109913615,3.0,0.0007871577679114,0.0
596,0.3010103956519817,59.49021238322197,0.0,3.0,0.0003633243511133,0.0171309158109877,0.0068418249912608,0.0003492387201471,3.6666666666666665,0.0,0.0
597,0.2084608553854622,45.633384136610026,0.0,1.0,0.0003729788432426,0.0,0.0074854300758884,0.0003068060243168,4.0,0.0,0.0
598,0.0154024777142671,0.0,0.0,4.0,0.0004127438648068,0.0396743320809213,0.007830180521733,0.0003490366116596,3.0,0.0,0.0
599,0.1974102034476389,45.62431703492263,0.0,3.0,0.0003463149082892,0.0036256715906448,0.0074521415619837,0.0002478086938142,2.0,0.0,0.0
600,0.4207510339669433,39.57367851035711,0.0,1.0,0.000316132705795,0.0,0.0072325019555391,0.0002160587417135,3.0,0.0,0.0
601,0.10762498690963,55.90426438545784,0.0,0.0,0.0,0.0,0.0,0.0,0.0,0.0,0.0
602,0.271678549493499,47.2339700443312,0.0,0.0,0.0,0.0,0.0,0.0,0.0,0.0,0.0
603,0.6553223701703816,42.22317137119803,0.0,3.0,0.0003832073698036,0.0108097027255259,0.0087108071516643,0.0002379341104704,2.333333333333333,0.0,0.0
604,0.4580062106629408,47.09839371921563,0.0008058563364277,1.0,0.0003654429475434,0.0,0.0083170533565989,0.0002219422027058,3.0,0.0,0.0
605,0.5218113500619485,5.278124594212993,0.0007295607079817,0.0,0.0,0.0,0.0,0.0,0.0,0.0,0.0
606,0.1076350688014269,23.083738822726275,0.0003027963230054,0.0,0.0,0.0,0.0,0.0,0.0,0.0,0.0
607,0.2502067609229407,44.7857841865488,0.0,3.0,0.0005512857132765,0.0415437711879964,0.0095622765946162,0.0003732669909031,2.6666666666666665,0.0,0.0
608,0.1776392049401685,0.0,0.0,3.0,0.0003604147193606,0.0072299257119778,0.0072398877247836,0.0002836942857569,2.0,0.0,0.0
609,0.3083878336378036,0.0,0.0,1.0,0.0003044338629926,0.0,0.0065292899611627,0.0002428409756527,3.0,0.0,0.0
610,0.1755863677441809,25.530895541489222,0.0003704770521038,3.0,0.0004543934063543,0.0011290065965805,0.0092808522917679,0.0003082231840775,3.333333333333333,0.0064341328701946,0.0
611,0.1406853839774634,56.286526989075405,0.0,3.0,0.0004996609500934,0.0931843493372823,0.009205278284548,0.0003616342992903,3.0,0.0,0.0
612,0.1568644061732784,25.721817233581227,0.0,0.0,0.0,0.0,0.0,0.0,0.0,0.0,0.0
613,0.3110261679926575,34.35758970934532,0.0,0.0,0.0,0.0,0.0,0.0,0.0,0.0,0.0
614,0.0369294980929892,0.0,0.0,1.0,0.0003506949852743,0.0,0.0084437593234708,0.0002086298681177,4.0,0.0,0.0
615,0.0,0.0,0.0,3.0,0.0005015816955252,0.0214511253350304,0.0090578060744121,0.0003629156385626,3.333333333333333,0.0,0.0
616,0.3811070878807055,38.33864255282708,0.0,2.0,0.0004513702084216,0.0325055991384058,0.0082504153514492,0.0003460163062005,3.0,0.0,0.0
617,0.1764879910441378,0.0,0.0,1.0,0.0004837876234963,0.0,0.0100930877836454,0.0002720657417732,3.0,0.0,0.0
618,0.5502226222897856,37.509243390820416,0.0,1.0,0.0003611449257718,0.0,0.0087003331170391,0.0002085138621988,3.0,0.0,0.0
619,0.3150156590819069,13.149052263080552,0.0,3.0,0.0004039874143067,0.0058530883990747,0.0092294789995557,0.0002853946057542,3.333333333333333,0.0025438849687391,0.0
620,0.3445883147016495,53.503487132624265,0.0,3.0,0.0004020700915592,0.0043691637396125,0.0091469566988535,0.0002844663926599,3.0,0.0025438849687391,0.0
621,0.4589153504436316,31.47345350353537,0.0003001811232752,0.0,0.0,0.0,0.0,0.0,0.0,0.0,0.0
622,0.1837801572079522,42.19422677300072,0.0,0.0,0.0,0.0,0.0,0.0,0.0,0.0,0.0
623,0.2620931115799395,45.16066574047618,0.0,0.0,0.0,0.0,0.0,0.0,0.0,0.0,0.0
624,0.2502045108807201,38.126384369616986,0.0,0.0,0.0,0.0,0.0,0.0,0.0,0.0,0.0
625,0.2321163403737424,29.520671525390288,0.0,3.0,0.0004090519299016,0.003243216781505,0.0088677943059981,0.0002953808307681,3.333333333333333,0.0064341328701946,0.0
626,0.171164048232067,23.03337677266768,0.0,3.0,0.000395507873793,0.0036103733982792,0.0080318836787953,0.0003036533483051,3.333333333333333,0.0,0.0
627,0.2511394472839721,93.2841242937525,0.0,2.0,0.0003972278838858,0.0053972022665801,0.0080704563871096,0.0003034444932492,3.5,0.0,0.0
628,0.120618735870078,15.368932874894329,0.0,0.0,0.0,0.0,0.0,0.0,0.0,0.0,0.0
629,0.3363934941517724,62.25156309921913,0.0004767344195992,0.0,0.0,0.0,0.0,0.0,0.0,0.0,0.0
630,0.2699246928904091,63.18340256693019,0.0,0.0,0.0,0.0,0.0,0.0,0.0,0.0,0.0
631,0.126918039598081,124.92062973753978,0.0,3.0,0.0003815073479414,0.0036103733982792,0.0082610360442607,0.0002932010524018,2.6666666666666665,0.0,0.0
632,0.1438668603884745,37.08987419253359,0.0003010116606201,0.0,0.0,0.0,0.0,0.0,0.0,0.0,0.0
633,0.2592145270607415,24.04443935063626,0.0,1.0,0.0003340058620935,0.0,0.0076414050380433,0.0002160587417135,3.0,0.0,0.0
634,0.139771833673093,54.84899527322488,0.0,3.0,0.0004487099906362,0.033288866587524,0.0085505618597087,0.0003486413854136,2.333333333333333,0.0,0.0
635,0.271670572443211,25.25861341206293,0.0,0.0,0.0,0.0,0.0,0.0,0.0,0.0,0.0
636,0.0152052039267785,44.42004267607541,0.000173090650124,0.0,0.0,0.0,0.0,0.0,0.0,0.0,0.0
637,0.3608737671794275,14.943896346593224,0.0,4.0,0.0004231543598525,0.0282618805761911,0.0085428702798129,0.000346759575637,2.5,0.0,0.0
638,0.2452555313147117,34.63319347380072,0.0,3.0,0.0004158604043434,0.0127097382173322,0.0087474594704127,0.0003338553003958,2.6666666666666665,0.0,0.0
639,0.241586857486958,0.0,0.0,2.0,0.0003957155696151,0.0,0.0083445891004438,0.0003200859965956,3.5,0.0,0.0
640,0.2892750070275872,61.481577634901605,0.0,4.0,0.0003485177499252,0.0090320527726443,0.0070288739296132,0.0002901602930726,2.0,0.0,0.0
641,0.1589627099608001,21.41611551781316,0.0,1.0,0.0004377436653532,0.0,0.0127537685590919,0.000200764463081,3.0,0.0,0.0
642,0.3778657026704353,0.0,0.0,3.0,0.0004512462448017,0.01008762804587,0.0125336280331617,0.0002278962724358,2.6666666666666665,0.0,0.0
643,0.2729378977315038,0.0,0.0,1.0,0.0004449266090887,0.0,0.0124346077058163,0.0002092052821961,4.0,0.0,0.0
644,0.1623660693026295,0.0,0.0,4.0,0.0004588428909028,0.0153134905579556,0.0121996633274196,0.0002388348282249,2.5,0.0,0.0
645,0.2040727105103853,0.0,0.0,0.0,0.0,0.0,0.0,0.0,0.0,0.0,0.0
646,0.2680396259947627,34.30607835749952,0.0002912455080191,0.0,0.0,0.0,0.0,0.0,0.0,0.0,0.0
647,0.3331264661163118,47.03232330107875,0.000118400221233,2.0,0.0004208477929751,0.0011198276811611,0.0084827948819516,0.0003203942736041,2.5,0.0,0.0
648,0.171890050129773,35.482521040889765,0.0,3.0,0.0004301645576038,0.0312236106181693,0.0084624778382343,0.0003439890765269,3.0,0.0032452291387714,0.0
649,0.128565165647668,44.29017718299178,0.0,0.0,0.0,0.0,0.0,0.0,0.0,0.0,0.0
650,0.0723446061738358,40.51192000125322,0.0,0.0,0.0,0.0,0.0,0.0,0.0,0.0,0.0
651,0.0752313846855032,20.973271791444784,0.0004284380972265,0.0,0.0,0.0,0.0,0.0,0.0,0.0,0.0
652,0.4026422979666819,29.47372377965608,0.0,0.0,0.0,0.0,0.0,0.0,0.0,0.0,0.0
653,0.0567581956395604,0.0,0.0,0.0,0.0,0.0,0.0,0.0,0.0,0.0,0.0
654,0.3069647545383581,33.17011254370432,0.0003023770457755,0.0,0.0,0.0,0.0,0.0,0.0,0.0,0.0
655,0.3163970176591185,40.981232450286846,0.0,0.0,0.0,0.0,0.0,0.0,0.0,0.0,0.0
656,0.3439091808825045,35.697550724758614,0.0,0.0,0.0,0.0,0.0,0.0,0.0,0.0,0.0
657,0.3498504843510248,36.74665897439656,0.0001258507230603,0.0,0.0,0.0,0.0,0.0,0.0,0.0,0.0
658,0.3145692585079732,49.5052583653946,0.0,0.0,0.0,0.0,0.0,0.0,0.0,0.0,0.0
659,0.3420199014579426,21.46753604501186,0.0,1.0,0.0004503003431175,0.0,0.0120623600117108,0.0002089094939505,3.0,0.0,0.0
660,0.5344012008609282,0.0,0.0,3.0,0.0004644521112525,0.0183364133693962,0.0118099516383151,0.0002384493995871,3.0,0.0,0.0
661,0.1592888093613247,27.42971753578343,0.0003326489167953,0.0,0.0,0.0,0.0,0.0,0.0,0.0,0.0
662,0.2273213403765362,30.608290378124508,0.0,3.0,0.0003670735469529,0.0018143656145589,0.0079484912115987,0.0002742960748237,3.0,0.0,0.0
663,0.201529893826612,32.20631150408248,0.0,2.0,0.0004286142836888,0.0009484879266665,0.0086432707083742,0.0003139410849974,3.0,0.0,0.0
664,0.4357845998079728,27.58757577028652,0.0,1.0,0.0004592053184564,0.0,0.0112227426253169,0.0002181426740008,3.0,0.0,0.0
665,0.4191062437576696,23.626979297580142,0.0,3.0,0.0004705487866962,0.0247494156090516,0.0108601848062264,0.0002505539886164,2.6666666666666665,0.0,0.0
666,0.203561362595493,27.92651034646913,0.0,1.0,0.0003319529779631,0.0,0.007146140322042,0.0002475633004617,4.0,0.0,0.0
667,0.1827684086238681,49.73157153983043,0.0,1.0,0.0003408407864608,0.0,0.0073374732242777,0.0002475633004617,4.0,0.0,0.0
668,0.1808922838008133,26.687177017563886,0.0,1.0,0.0003265177108192,0.0,0.0079537225374764,0.0002337634369416,3.0,0.0,0.0
669,0.1984232714009683,172.45088506703328,0.0,3.0,0.0003521614617069,0.0018143656145589,0.0080995649041123,0.0002713830170268,2.333333333333333,0.0,0.0
670,0.3105389814815397,27.249297982325636,0.0,3.0,0.0004372451876666,0.0053543673279565,0.0121006288384555,0.0002355364885303,3.0,0.0020007263210693,0.0
671,0.1671974392908648,25.947106163215757,0.0,3.0,0.000449198406898,0.0067954570487951,0.0129628819613576,0.0002323035491144,3.0,0.0020007263210693,0.0
672,0.2483892593790442,29.544296989805577,0.0,3.0,0.0004329211101067,0.0037296992987308,0.0123641138265916,0.0002356475003094,3.333333333333333,0.0020007263210693,0.0
673,0.0,0.0,0.0,2.0,0.0003719971104859,0.0030106842575481,0.0088875676009042,0.0002638802345615,3.0,0.0,0.0
674,0.3001795643258114,39.8612117125692,0.0,0.0,0.0,0.0,0.0,0.0,0.0,0.0,0.0
675,0.2564727742173378,23.095906459068367,0.0,0.0,0.0,0.0,0.0,0.0,0.0,0.0,0.0
676,0.021733932903207,0.0,0.0,4.0,0.0004310865940904,0.008842355187311,0.0082928175363489,0.0003267176643796,2.25,0.0,0.0
677,0.0803188090125527,22.451193710935428,0.0,3.0,0.0004126388155758,0.0012146764738278,0.0083835594121837,0.000336889360056,3.0,0.0032452291387714,0.0
678,0.4978983162580681,45.86758109738896,0.0,3.0,0.0004248285886692,0.0287024685163201,0.0085367337251229,0.0003395504125348,3.333333333333333,0.0032452291387714,0.0
679,0.3350580001999324,18.152006507420857,0.0,3.0,0.0004036485457092,0.0019918246459998,0.0092217372222306,0.0002782193547491,2.333333333333333,0.0,0.0
680,0.3070577484661638,28.195765138250607,0.0,0.0,0.0,0.0,0.0,0.0,0.0,0.0,0.0
681,0.3167873653790638,32.582239564765146,0.0,0.0,0.0,0.0,0.0,0.0,0.0,0.0,0.0
682,0.2966192902586752,29.11988272566795,0.0,0.0,0.0,0.0,0.0,0.0,0.0,0.0,0.0
683,0.2254249857708074,26.86689277330491,0.0,1.0,0.0003840840546457,0.0,0.0092969914356827,0.0002388181608268,3.0,0.0,0.0
684,0.3266328055691415,87.93105814449714,0.0,1.0,0.0003706445797394,0.0,0.0076340444574182,0.0002736916631244,4.0,0.0,0.0
685,0.3431733159281093,42.56733830488882,0.0,3.0,0.0003878181857205,0.0036256715906448,0.0079842067336492,0.0002739916200131,2.0,0.0,0.0
686,0.1584701027760785,0.0,0.0,0.0,0.0,0.0,0.0,0.0,0.0,0.0,0.0
687,0.2473647801128371,18.818896744186212,0.0,3.0,0.000445429638303,0.0006302855254623,0.0118001385321541,0.0002429409750092,3.333333333333333,0.0,0.0
688,0.4129985701877472,0.0,0.0,1.0,0.0004632794947844,0.0,0.0118491796651573,0.0002195396648689,4.0,0.0,0.0
689,0.2245247629130717,0.0,0.0,4.0,0.0004661426063509,0.0218549976134819,0.0112886132664954,0.0002523986997628,2.75,0.0,0.0
690,0.3428960161972132,49.67541994975656,0.0,0.0,0.0,0.0,0.0,0.0,0.0,0.0,0.0
691,0.3404903665787661,47.39793665724156,0.0,0.0,0.0,0.0,0.0,0.0,0.0,0.0,0.0
692,0.1188975738508017,26.819161950212514,0.0,3.0,0.000419796826878,0.0128566008640419,0.0088398858760461,0.0003350206174292,3.333333333333333,0.0,0.0
693,0.3889667782671326,46.5035972186755,0.0,0.0,0.0,0.0,0.0,0.0,0.0,0.0,0.0
694,0.2914647999560343,29.722206078242703,0.0,0.0,0.0,0.0,0.0,0.0,0.0,0.0,0.0
695,0.213175013875859,19.4892955461007,0.0,4.0,0.0004520866420343,0.045034818685824,0.0109129755676187,0.0002611422840328,3.5,0.0,0.0
696,0.1635019784296984,39.62963159042417,0.0,3.0,0.0004081872481359,3.365602320429818e-05,0.0084681327327639,0.0003346554229202,3.0,0.0,0.0
697,0.2262556469149994,23.539213759698026,0.0,3.0,0.0004757590479457,0.0815822002472187,0.0103957442978633,0.0002679585639046,3.333333333333333,0.0,0.0
698,0.0686954316627672,0.0,0.0,0.0,0.0,0.0,0.0,0.0,0.0,0.0,0.0
699,0.0826363867546388,65.67852188252402,0.0,0.0,0.0,0.0,0.0,0.0,0.0,0.0,0.0
700,0.235696875167372,25.338588810540102,0.0,0.0,0.0,0.0,0.0,0.0,0.0,0.0,0.0
701,0.6165485077224018,0.0,0.0006661281581962,0.0,0.0,0.0,0.0,0.0,0.0,0.0,0.0
702,0.2887811072013979,16.856054286290593,0.000407274280874,4.0,0.0004600709131819,0.0541311238664039,0.0105803818451213,0.0002665048100173,3.75,0.0014842068527111,0.0
703,0.3798767691863648,33.224859084219005,0.0,3.0,0.0004820676390438,0.0862695663880355,0.0099798327516397,0.0002872442958488,3.333333333333333,0.0,0.0
704,0.2361481243760312,52.644483073793054,0.0,0.0,0.0,0.0,0.0,0.0,0.0,0.0,0.0
705,0.393614303669781,43.36132060792852,0.0,0.0,0.0,0.0,0.0,0.0,0.0,0.0,0.0
706,0.4351390238513472,15.329760874356433,0.0,0.0,0.0,0.0,0.0,0.0,0.0,0.0,0.0
707,0.329173346688801,26.02043124192456,0.0,0.0,0.0,0.0,0.0,0.0,0.0,0.0,0.0
708,0.2594561855194964,17.35488768882026,0.0,4.0,0.0004654693868476,0.0018143656145589,0.0101730408578043,0.0002676814028948,3.0,0.0014842068527111,0.0
709,0.2269673091945016,26.21431380039312,0.0,3.0,0.0004928774357343,0.089289429561003,0.0096464823579956,0.0003163853233422,2.333333333333333,0.0,0.0
710,0.2358496772066229,62.76356423644728,0.0,1.0,0.00045434702088,0.0,0.009510131529872,0.0002664036111069,3.0,0.0,0.0
711,0.5120655979575321,35.01307311664936,0.0,1.0,0.0003602563585109,0.0,0.0079066037924325,0.0002356963731625,3.0,0.0,0.0
712,0.3084563712908819,22.371738507367795,0.0,4.0,0.0004213769165989,0.0023008481317847,0.0123030054973991,0.0002372991738141,2.5,0.0005399176854461,0.0
713,0.339616954946803,13.477996896597926,0.0,1.0,0.0003078708268091,0.0,0.0095960264255689,0.0001621429553573,4.0,0.0,0.0
714,0.3609306223004837,16.17803601657257,0.0,4.0,0.0003181530398667,0.0036256715906448,0.0094839327792185,0.0001793915958867,2.75,0.0003558144846712,0.0
715,0.040411618819402,0.0,0.0,3.0,0.0004021233473793,0.0165985387166652,0.0082814802686925,0.0003248887838252,2.6666666666666665,0.0,0.0
716,0.2127825384252219,0.0,0.0,0.0,0.0,0.0,0.0,0.0,0.0,0.0,0.0
717,0.3134235080749994,35.103495229576694,0.0,0.0,0.0,0.0,0.0,0.0,0.0,0.0,0.0
718,0.3077200239754065,17.385034198455607,0.0,0.0,0.0,0.0,0.0,0.0,0.0,0.0,0.0
719,0.2932674333822035,60.42283794202461,7.996949756380929e-05,0.0,0.0,0.0,0.0,0.0,0.0,0.0,0.0
720,0.4591323475329513,26.70563222185699,0.0,0.0,0.0,0.0,0.0,0.0,0.0,0.0,0.0
721,0.435129283569621,28.27275650676131,0.0,0.0,0.0,0.0,0.0,0.0,0.0,0.0,0.0
722,0.1809761860092684,42.08283250469198,0.0,0.0,0.0,0.0,0.0,0.0,0.0,0.0,0.0
723,0.2437059341238923,49.52497857799349,0.0,0.0,0.0,0.0,0.0,0.0,0.0,0.0,0.0
724,0.1446314619245441,0.0,0.0,3.0,0.000445745393391,0.0440465554590069,0.011283181355408,0.0002505095121703,3.333333333333333,0.0,0.0
725,0.4211007968641703,19.235340810774275,0.0,3.0,0.0003418036884501,0.0,0.0111599530080137,0.0001537577420159,1.6666666666666667,0.0,0.5
726,0.2233284214044192,27.81783741814466,0.0,2.0,0.0003792748497828,0.0018143656145589,0.0118677084392296,0.0001691836241972,3.0,0.0,0.0
727,0.1078457929046304,25.64494843937234,0.0,0.0,0.0,0.0,0.0,0.0,0.0,0.0,0.0
728,0.305144334718949,26.42684826903854,0.0,3.0,0.0004418331339367,0.0424188277913081,0.0117099267050303,0.0002419160415296,2.6666666666666665,0.0,0.0
729,0.442538361179972,24.605507475301817,0.0,1.0,0.0003256391310502,0.0,0.0084497436749409,0.0001916574193889,3.0,0.0,0.0
730,0.2891236012197737,24.445025858043632,0.0,3.0,0.0003277190251514,0.0018143656145589,0.0080581266934518,0.0002162329052715,2.333333333333333,0.0037943141960372,0.0
731,0.2042507822069127,57.556945317815234,8.947492627857725e-05,0.0,0.0,0.0,0.0,0.0,0.0,0.0,0.0
732,0.15809452728175,18.78335966258177,0.0,0.0,0.0,0.0,0.0,0.0,0.0,0.0,0.0
733,0.2698123518751145,21.278848887413883,0.0,3.0,0.0004329052265674,0.0036409697830104,0.0104648417995726,0.000254024435158,3.6666666666666665,0.0,0.0
734,0.2149991604412862,88.85151802058144,5.343077329699962e-05,2.0,0.0003157893094244,0.0,0.0094163677600172,0.0001793272562813,4.5,0.0053837521251882,0.0
735,0.2878463516968122,26.667419773910275,0.0,5.0,0.0003192049726775,0.0081256348749831,0.0095138264259497,0.0001818174497454,3.0,0.00098986082334,0.0
736,0.2583219046628833,11.952706542790883,0.0,4.0,0.0004150448355432,0.0309666009864274,0.0122275648554668,0.0002441204384167,3.0,0.0005399176854461,0.0
737,0.1548085147676858,0.0,0.0,2.0,0.0004140721585088,0.0004413528497472,0.0124875282017736,0.0002292165445497,4.0,0.0032395061126768,0.0
738,0.3221525931096353,29.71790799971016,0.0,1.0,0.0004152490476498,0.0,0.0126886867069861,0.0002080260752513,4.0,0.0,0.0
739,0.184390515387279,33.12877805406269,0.0,2.0,0.0003809496073846,0.0143435851619772,0.0083494068441555,0.0002735995799536,3.0,0.0,0.0
740,0.3957255675839421,22.61171147253185,0.0,2.0,0.0004347852240913,0.0357243388121259,0.0120395283685429,0.0002305692968039,3.0,0.0,0.0
741,0.3554712143082429,21.59503261181025,0.0,3.0,0.0004221192368815,0.0350512183480399,0.0120565830047694,0.0002356101957832,2.6666666666666665,0.0,0.0
742,0.3149912007797315,32.88917617400956,0.0,4.0,0.0004390770354733,0.0067006082561284,0.0101126807254806,0.0002596413647826,3.0,0.0014842068527111,0.0
743,0.2179249577525537,0.0,0.0,3.0,0.0003140277995114,0.0018143656145589,0.0097843330271199,0.0001696826203047,2.6666666666666665,0.0007933230667282,0.0
744,0.3679978340663717,20.49399639342756,0.0,2.0,0.0003146563865896,0.0016690327870858,0.0098046397126336,0.0001696634276814,4.0,0.0023799692001848,0.0
745,0.0862618709309619,0.0,0.0,0.0,0.0,0.0,0.0,0.0,0.0,0.0,0.0
746,0.2321962140659506,50.98026715617916,0.0,0.0,0.0,0.0,0.0,0.0,0.0,0.0,0.0
747,0.2523985246836945,27.78835364643235,0.0,3.0,0.0003351672139145,0.0126026508707731,0.0077909326108007,0.0002361845962855,2.6666666666666665,0.0037943141960372,0.0
748,0.2989614009614309,39.44198335073882,0.0,3.0,0.0003224326734089,0.0072207467965585,0.0079259252443588,0.0002163264590689,3.0,0.0037943141960372,0.0
749,0.275646296577347,133.35983998274412,0.0,1.0,0.0003034214333472,0.0,0.0094573432717254,0.0001621429553573,4.0,0.0,0.0
750,0.0583732309895243,114.91230016207004,0.0,2.0,0.0003357826657894,0.0036226119521717,0.0071985581160397,0.0002430770919654,2.5,0.0,0.0
751,0.3752923949011774,19.902984926957103,0.0,3.0,0.0004275279332745,0.0040570806153544,0.0113425583108845,0.0002395268134758,3.0,0.0,0.0
752,0.1319612744748934,22.651237915883996,0.0002895192084834,1.0,0.0004598617068718,0.0,0.010675738087101,0.0002310117380429,4.0,0.0,0.0
753,0.1563287498617699,21.69383210353708,0.0,1.0,0.0003086308602313,0.0,0.0100358107267381,0.0001541697804407,3.0,0.0,0.0
754,0.2627946164004352,8.1390590993269,0.0,0.0,0.0,0.0,0.0,0.0,0.0,0.0,0.0
755,0.3649205432644225,40.43847514437764,0.0,1.0,0.0003769718177468,0.0,0.0082734606438499,0.0002356963731625,3.0,0.0,0.0
756,0.2299101966816808,10.66007104232962,0.0,0.0,0.0,0.0,0.0,0.0,0.0,0.0,0.0
757,0.1901909540849046,0.0,0.0,1.0,0.0003735354950407,0.0,0.0121942893812347,0.000153805039447,3.0,0.0,0.0
758,0.2978065085265921,0.0,0.0,3.0,0.0003844849097068,0.0036256715906448,0.0120289708071062,0.0001692408897714,1.6666666666666667,0.0,0.0
759,0.3633708989137684,28.81142198335897,0.0,1.0,0.0003676980102948,0.0,0.0120037212044635,0.000153805039447,3.0,0.0,0.0
760,0.4039795079244695,0.0,0.0,3.0,0.0003901600641181,0.0090289931341712,0.011679616609063,0.0001879791984156,2.6666666666666665,0.0,0.0
761,0.0724398783273704,158.89477298927892,0.0,3.0,0.0003443532605965,0.0,0.0079247168780261,0.0002359216344882,2.0,0.0,0.5
762,0.2762114662386067,53.81194328956025,0.0,0.0,0.0,0.0,0.0,0.0,0.0,0.0,0.0
763,0.1746929742087631,28.645711880403788,0.0,0.0,0.0,0.0,0.0,0.0,0.0,0.0,0.0
764,0.3775256810624662,29.955335584305413,0.0,3.0,0.000396402744372,0.0125904123168806,0.0113366100038447,0.0002111157711247,2.6666666666666665,0.0,0.0
765,0.1454167939067998,134.86624441499762,0.0,0.0,0.0,0.0,0.0,0.0,0.0,0.0,0.0
766,0.1064763179098055,73.60703100453614,5.274559573520561e-05,0.0,0.0,0.0,0.0,0.0,0.0,0.0,0.0
767,0.1810316054125131,54.35815433054911,0.0001341626798662,0.0,0.0,0.0,0.0,0.0,0.0,0.0,0.0
768,0.0823471876765465,0.0,0.0,1.0,0.0003841587053514,0.0,0.0115087714238206,0.0001876264996256,3.0,0.0,0.0
769,0.4371685173070064,0.0,0.0,4.0,0.0004030301057215,0.0247555348859978,0.0109910973445409,0.0002405154217949,2.5,0.0,0.0
770,0.0069356272443267,0.0,0.0,3.0,0.0003873394281789,0.0082212485772681,0.0101253555984107,0.000244367284173,3.6666666666666665,0.0,0.0
771,0.2926880236967844,19.177922658451063,0.0,1.0,0.0003899805679636,0.0,0.0111654623334897,0.0002104936317692,4.0,0.0,0.0
772,0.3625114509657848,27.3181647728797,0.0,3.0,0.0004091918888275,0.02761323721989,0.0116226148043448,0.0002401277378028,3.0,0.0,0.0
773,0.312106459056976,46.84287024453052,0.0,3.0,0.0003163331949829,0.0054308582897844,0.0082017438045247,0.0001919517311765,2.0,0.0,0.0
774,0.110059974247019,0.0,0.0012925442184904,1.0,0.0003959586269595,0.0,0.0117851086614716,0.0002101966311713,3.0,0.0,0.0
775,0.2463026074399726,35.24107640269409,0.0,0.0,0.0,0.0,0.0,0.0,0.0,0.0,0.0
776,0.1065399953083815,47.46144095527472,0.0,0.0,0.0,0.0,0.0,0.0,0.0,0.0,0.0
777,0.1796496056320422,60.69633491799057,0.0,0.0,0.0,0.0,0.0,0.0,0.0,0.0,0.0
778,0.0960541627819474,14.55474722598955,0.0,1.0,0.0004045000842154,0.0,0.0123620875778215,0.0002061075545111,3.0,0.0,0.0
779,0.4163029903215923,19.849307927913355,0.0,3.0,0.0004189038814809,0.0335642340501046,0.0122327208848994,0.000234805956418,2.6666666666666665,0.0,0.0
780,0.2266089586994957,0.0,0.0,3.0,0.0004244120270643,0.0024966649940643,0.0117620179075882,0.0002298337800909,2.333333333333333,0.0,0.0
781,0.1960095731527429,31.3657048206094,0.0,0.0,0.0,0.0,0.0,0.0,0.0,0.0,0.0
782,0.0930163561223845,126.97249523762213,0.0,0.0,0.0,0.0,0.0,0.0,0.0,0.0,0.0
783,0.0866324068937806,24.23520276435045,0.0,1.0,0.000409168355683,0.0,0.0118958895713565,0.0002022665785383,3.0,0.0,0.0
784,0.1597872131374336,0.0,0.0,3.0,0.0004301613759483,0.0022212975314836,0.0109192772955064,0.0002393871276706,2.333333333333333,0.0,0.0
785,0.2100165801744992,15.537844046034996,0.0,0.0,0.0,0.0,0.0,0.0,0.0,0.0,0.0
786,0.3264628222607723,106.40415944965648,9.434456728702437e-05,1.0,0.0004104326576117,0.0,0.0109765295870386,0.0002096289251706,3.0,0.0,0.0
787,0.0,0.0,0.0,0.0,0.0,0.0,0.0,0.0,0.0,0.0,0.0
788,0.0023402086629765,0.0,0.0,0.0,0.0,0.0,0.0,0.0,0.0,0.0,0.0
789,0.5996681491666759,70.13388182989365,0.0,2.0,0.0003088657280947,0.0018143656145589,0.0084266667192882,0.0001723946799362,2.0,0.0,0.0
790,0.3767303341228652,27.099005206870483,0.0,1.0,0.0003070326594962,0.0,0.008378063762364,0.000172335260572,3.0,0.0,0.0
791,0.0,0.0,0.0,3.0,0.0003741469133323,0.0043752830165587,0.0093592823435957,0.0002508140118947,3.0,0.0,0.0
792,0.1448062350870234,69.31604949091982,8.484398273321336e-05,1.0,0.0004224771536954,0.0,0.010304782891936,0.0002249988870451,4.0,0.0,0.0
793,0.4053945011341968,39.2285809241416,0.0,0.0,0.0,0.0,0.0,0.0,0.0,0.0,0.0
794,0.31266587692863,64.56373293688117,0.0002218523010373,0.0,0.0,0.0,0.0,0.0,0.0,0.0,0.0
795,0.4331327664261037,17.40824999399033,0.0,0.0,0.0,0.0,0.0,0.0,0.0,0.0,0.0
796,0.3148053322995571,111.15268580345504,6.981983131530093e-05,4.0,0.0003695011827089,0.0,0.0097429237757275,0.000228726010235,2.25,0.0,0.2777777777777778
797,0.2077959055379841,33.38881330297449,0.0,0.0,0.0,0.0,0.0,0.0,0.0,0.0,0.0
798,0.2346096568740558,99.22604339175156,0.0,0.0,0.0,0.0,0.0,0.0,0.0,0.0,0.0
799,0.3440465214960202,53.810974778145145,0.0,0.0,0.0,0.0,0.0,0.0,0.0,0.0,0.0
800,0.2920997833454353,70.105670347653,0.0,0.0,0.0,0.0,0.0,0.0,0.0,0.0,0.0
801,0.363320340501751,101.41004816150011,0.0001426667758855,2.0,0.0003789962188449,0.0,0.0104634057129361,0.0002213410205073,4.0,0.0,0.0
802,0.0687684678281972,51.3879613266834,0.0005072440824298,0.0,0.0,0.0,0.0,0.0,0.0,0.0,0.0
803,0.5405952308280647,24.76134822122787,0.0,0.0,0.0,0.0,0.0,0.0,0.0,0.0,0.0
804,0.0,0.0,0.0,4.0,0.0003841474538402,0.0018113059760858,0.0105615824469995,0.0002260073644875,2.25,0.0,0.2777777777777778
805,0.1023550719766128,56.40542431610521,0.0,0.0,0.0,0.0,0.0,0.0,0.0,0.0,0.0
806,0.3877586322000648,115.76934457191943,0.0,1.0,0.0003045317880672,0.0,0.0087224851690226,0.0001564053535708,2.0,0.0,0.0
807,0.1870420485577649,71.96829743023012,0.0,0.0,0.0,0.0,0.0,0.0,0.0,0.0,0.0
808,0.2604750145720634,33.28788240946864,0.0,2.0,0.0003265666484055,0.0018143656145589,0.0074435058579789,0.0002125434112766,1.5,0.0,0.0
809,0.193238715174237,100.71241047982656,0.0,1.0,0.0003178566140184,0.0,0.007677153045055,0.0001887532795793,2.0,0.0,0.0
