degree,closeness,betweenness,straightness,information,avg_neighbor_deg,clustering,local_efficiency,redundancy,node_id
4,0.00035125076902847496,0.0036256715906448495,0.009284251216078999,0.0002967814993769029,2.25,0.0,0.0,0.0,0
1,0.00032896976007613525,0.0,0.009142607193322716,0.00025236705984867184,4.0,0.0,0.0,0.0,1
1,0.00034693095023584814,0.0,0.009641778017768173,0.0002523670598486718,4.0,0.0,0.0,0.0,2
1,0.00033021752790181124,0.0,0.00937186948423124,0.0002259764188194262,2.0,0.0,0.0,0.0,3
2,0.00034616745546445476,0.0018143656145589836,0.009353872681026646,0.0002609439571181036,2.0,0.0,0.0,0.0,4
3,0.0003630107754796487,0.004124392661763086,0.009317093437636247,0.0003085238509223795,2.6666666666666665,0.0,0.0,0.0,5
3,0.0003495273639883467,0.010794404533160362,0.009045557494374733,0.0002946530103554584,3.0,0.0,0.0,0.0,8
4,0.00036750415944135,0.013964189991310626,0.009229347074034779,0.000329596438841519,3.25,0.0,0.0,0.0,9
2,0.00041904599474540486,4.283493862365223e-05,0.00983580769309494,0.00032213902362165995,2.0,0.0,0.0,0.0,10
2,0.0004112669078199453,0.000373275893720398,0.010011547560629887,0.000325134741523066,2.5,0.0,0.0,0.0,11
2,0.00042028053344928733,0.001477805382516002,0.009431146580627697,0.00034101878878219327,3.0,0.0,0.0,0.0,12
4,0.0004738171723501865,0.02410689152969685,0.010020876794279267,0.0003906146569443256,3.5,0.0,0.0,0.0,13
2,0.00038743921167250814,0.002949491488085768,0.010103978837739216,0.0003073336987533121,3.5,0.0,0.0,0.0,14
2,0.00033957929438321616,0.0,0.008709468408720372,0.0003064978064357382,3.5,0.0,0.0,1.0,16
4,0.00035666933790449404,0.0,0.008714362445868968,0.0003104110254458533,2.25,0.0,0.2777777777777778,1.0,17
3,0.0003880262952595645,0.0018113059760858656,0.00977764986788824,0.0003297503336635238,2.6666666666666665,0.0,0.0,0.0,18
4,0.00041740135137733155,0.009019814218751912,0.010085273417731707,0.0003480183332854024,2.5,0.0,0.0,0.0,20
2,0.00040300964553590014,0.005424739012838243,0.010279952119479852,0.00028898294357391623,3.0,0.0,0.0,0.0,21
2,0.0003863525622025505,0.003622611952171731,0.01037682871400681,0.0002469494432983578,2.0,0.0,0.0,0.0,22
3,0.00036561013296375556,0.01298510567991286,0.008979753588480114,0.000321023794670298,3.3333333333333335,0.0,0.0,0.0,23
3,0.0003949524231437439,0.014738278525009484,0.009540144532462241,0.0003425627478002514,3.6666666666666665,0.0,0.0,0.0,24
4,0.00039068956611970905,0.0063242727239349395,0.009805345215663326,0.0003259804581877499,1.75,0.0,0.0,0.0,25
1,0.0003859526032898445,0.0,0.01021122344458464,0.0002731741445366878,4.0,0.0,0.0,0.0,26
2,0.00037130627786488714,0.0018143656145589836,0.010475856525536214,0.00021549811398379284,1.5,0.0,0.0,0.0,27
4,0.0003770374260104732,0.004926017941720006,0.00919990511362558,0.0003562814883649595,2.75,0.0,0.0,0.0,28
2,0.000361963744937886,0.0,0.009174860113574745,0.00033030984959449234,3.5,0.0,0.0,0.0,29
3,0.000361417223897951,0.0023803987320858166,0.009067366868709901,0.0003461386193661127,3.0,0.0,0.0,0.0,30
3,0.000376302251363562,0.004237599285268453,0.009200085374475213,0.00035155612638748874,3.3333333333333335,0.0,0.0,0.0,31
4,0.00034947488919675655,0.015258417065439548,0.008315022414046603,0.00035241882979260807,3.0,0.0,0.0,0.0,32
2,0.0003461330821978731,0.0030718770270104882,0.008696610857769483,0.0003082904069319754,3.0,0.0,0.0,0.0,33
2,0.00033504025528333846,0.0016216083907525487,0.008857311731298015,0.00028674365683424243,2.0,0.0,0.0,0.0,34
2,0.00032599239602379995,0.0005415560097418888,0.009025478605436503,0.000280209784926215,2.5,0.0,0.0,0.0,37
1,0.000358781327389107,0.0,0.01061030422796354,0.00019107993604229834,2.0,0.0,0.0,0.0,38
2,0.00040418559099982253,0.00034879878593545386,0.01017649796956139,0.0003239893930831531,4.0,0.0,0.0,0.0,39
2,0.00041029843533417097,0.007486935343719785,0.010158248099211384,0.0003216390356141011,3.5,0.0,0.0,0.0,40
3,0.00033096688179027494,0.0026037523406234318,0.009273237351180214,0.00028672580035467657,2.0,0.0,0.0,0.0,41
4,0.0004068269338521493,0.04412610605930803,0.009172154643005989,0.00037454214393418896,3.5,0.0,0.0,0.0,42
3,0.0003422107322132541,0.009561370228493802,0.008590999879165848,0.00031112157644377735,3.6666666666666665,0.0,0.0,0.0,43
2,0.00032853632276660575,0.009010635303332558,0.008941486856082839,0.0002514570398494624,2.5,0.0,0.0,0.0,44
4,0.00041618512208512685,0.012183480399955942,0.009666552809119162,0.000353426925743762,3.25,0.0,0.0,0.0,45
3,0.000412268692698677,0.010491500324321678,0.009474443672123427,0.00035062064865789243,3.3333333333333335,0.0,0.0,0.0,46
3,0.0004166221778225669,0.02008346693754666,0.009770318823839672,0.0003469952019045634,2.6666666666666665,0.0,0.0,0.0,47
3,0.00040997378946842976,0.012211017146214002,0.009828727589105584,0.00033794875597555556,3.0,0.0,0.0,0.0,48
3,0.00038392965669917586,0.00044670721707523037,0.009624244339534233,0.00034294297682486925,3.3333333333333335,0.0,0.0,0.0,49
3,0.00042493134255914774,0.02314004577219156,0.010019740295334163,0.00035403172072301104,3.3333333333333335,0.0,0.0,0.0,50
3,0.00044072537329593826,0.0021754029543869097,0.010324453659553907,0.0003512982352563327,3.0,0.0,0.0,0.0,51
3,0.0003853785537496739,0.011856099083332313,0.009016409422030329,0.00033765619132676165,4.0,0.0,0.0,0.0,52
4,0.00043384847284223403,0.01101469850322486,0.009567500144382814,0.0003642052891697234,3.25,0.0,0.0,0.0,53
3,0.00042278286568978203,0.022638265062600204,0.009853723980140736,0.00035572730283809793,3.3333333333333335,0.0,0.0,0.0,56
3,0.0004016638089913697,0.008077445569031562,0.009577009367831837,0.0003447088652028298,3.0,0.0,0.0,0.0,57
4,0.00044344471006335667,0.021883299269358333,0.009955020546062003,0.000363620377773978,3.25,0.001513311274255832,0.0,0.16666666666666666,58
3,0.0003286886462467203,0.0,0.00940911726254621,0.0002465127056058014,2.0,0.0,0.5,2.0,59
3,0.00033179394414584293,0.005014747457440428,0.009046883280844168,0.0002887181056673699,3.0,0.0,0.0,0.3333333333333333,60
3,0.00044557862238977234,0.02654236375429879,0.010268553048766107,0.00035924377513986205,3.0,0.0,0.0,0.0,61
3,0.00034030299862250463,0.00649255283995643,0.009000341878636159,0.00028449612631942673,3.0,0.0,0.0,0.0,62
4,0.00033193111680212363,0.0029892667882363017,0.008758373304754902,0.0002964495709472415,3.0,0.0015277934395691482,0.0,0.16666666666666666,63
3,0.00044904586530874823,0.030220049198986645,0.010010750080074423,0.00036529090097783427,3.3333333333333335,0.0,0.0,0.0,64
3,0.00032660304104676816,0.0,0.009057362058298117,0.0002778918814542297,3.3333333333333335,0.0030555868791382963,0.0,0.3333333333333333,65
3,0.0003345710136655116,0.002469128247806239,0.009279097155250896,0.0002809510500089499,3.3333333333333335,0.0030555868791382963,0.0,0.3333333333333333,66
3,0.00039265413288545257,0.006312034170042467,0.009101102407734141,0.0003571789426963989,3.3333333333333335,0.0,0.0,0.0,67
3,0.0004081712320430871,0.003922456522537297,0.009475738255362073,0.00036196309775525363,3.3333333333333335,0.0,0.0,0.0,68
3,0.0003350347798803059,0.0018143656145589836,0.009302713975160012,0.00026717126208048255,2.3333333333333335,0.0,0.0,0.0,69
2,0.00033497905031546475,0.006569043801784381,0.009053852309574496,0.0002958785722521204,3.0,0.0,0.0,0.0,70
3,0.00046647392878606137,0.016329290531030854,0.010608913245246559,0.00035863161942630803,3.3333333333333335,0.0,0.0,0.0,71
2,0.0003511259331947905,0.0017378746527310332,0.008801929509867143,0.00030401125745120166,2.5,0.0,0.0,0.0,72
2,0.00031505792563230473,0.0,0.008306653882422174,0.00029546145670776846,2.5,0.0,0.0,0.0,73
3,0.000344014409266874,0.0042590167545802785,0.0093114701788619,0.0003080592101615351,2.6666666666666665,0.0,0.0,0.0,74
4,0.00046038866309476795,0.03173151060470695,0.00983715612541389,0.0003804724187651057,3.25,0.0,0.0,0.0,75
3,0.0003504292133936942,0.014089635168708465,0.009026312288602045,0.00032053424513026654,2.6666666666666665,0.0,0.0,0.0,76
1,0.0003060139479074036,0.0,0.008912984505086239,0.0002306316929198946,3.0,0.0,0.0,0.0,77
1,0.0004237179046173949,0.0,0.00962972180641772,0.00031043257613378085,4.0,0.0,0.0,0.0,78
5,0.0005017256453763991,0.04949271194115703,0.010268306285354835,0.00038741109288239665,2.6,0.0,0.0,0.0,79
1,0.00031793106487784537,0.0,0.009340269825166322,0.00024505883827278873,3.0,0.0,0.0,0.0,80
3,0.0004155531811107148,0.015432816458407274,0.009611857342378093,0.00034373660425079066,3.3333333333333335,0.0,0.0,0.3333333333333333,81
4,0.0005044893908618948,0.07365467696337001,0.010167555329535335,0.00039631444607187116,3.5,0.0,0.0,0.0,82
4,0.0004710678544027091,0.022846320478772227,0.00966570661525843,0.0003912161580455578,3.25,0.0,0.0,0.0,83
3,0.00040075421599163974,0.006238602846687635,0.009175828614772993,0.0003584614563784125,3.0,0.0,0.0,0.0,84
3,0.00043616410714275317,0.0023651005397202266,0.009417554144541134,0.0003764897159459208,4.333333333333333,0.0,0.0,0.0,85
3,0.0004678600647855516,0.0,0.009401431307163907,0.0003775620452851954,3.3333333333333335,0.0,0.0,0.0,86
4,0.0005004948497486563,0.08851534102730421,0.009771469859363372,0.0003977259968092595,4.5,0.0,0.0,0.0,87
2,0.0004526727100575167,0.004399760124343707,0.009656720169000568,0.0003609293337103638,4.0,0.0,0.0,0.0,88
2,0.00031504387288913623,0.007220746796558518,0.008996848372611811,0.00021921063611742334,2.0,0.0,0.0,0.0,89
3,0.0004084624705704671,0.0024018162013976427,0.008994560407648998,0.0003660653499361595,4.0,0.0,0.0,0.0,92
4,0.0004517549459280309,0.006409942601182244,0.009585351489419901,0.00037743067862491093,3.0,0.0,0.0,0.0,93
3,0.0004377796755937381,0.01823238566131026,0.00955281343358987,0.0003729364163810171,3.6666666666666665,0.0,0.0,0.0,94
1,0.0004359089140549781,0.0,0.009841817776671855,0.0003084046601771375,4.0,0.0,0.0,0.0,95
6,0.00048379229128534007,0.08580756097859477,0.009823634226901405,0.0003954429080259663,3.0,0.0002806713272349695,0.0,0.06666666666666667,96
1,0.0004494028588995107,0.0,0.009736375425174457,0.0003203269846651964,6.0,0.0,0.0,0.0,97
3,0.00037950466822872405,0.013052417726321458,0.009006894228638625,0.0003377720869857475,2.6666666666666665,0.0,0.0,0.0,100
3,0.0003762517530233785,0.016668910401546954,0.009208340334668734,0.00033976226945018777,3.0,0.0,0.0,0.0,101
3,0.0004435038734802601,0.017384865804256567,0.009624843291089757,0.00035533776114184785,3.6666666666666665,0.003026622548511664,0.0,0.3333333333333333,102
3,0.0004460653105511075,0.019600044058794012,0.009472810703035987,0.00035889786731275173,3.3333333333333335,0.0,0.0,0.0,103
4,0.0004688102034372879,0.018728047093955376,0.010022474312459787,0.0003621543121472094,3.25,0.001513311274255832,0.0,0.16666666666666666,104
5,0.0003883979727718456,0.01247720569337527,0.008893805672450062,0.00033991653768190275,3.0,0.0005311185572438509,0.0,0.1,107
1,0.0003686825465224647,0.0,0.00894363110863407,0.0002828935428636034,5.0,0.0,0.0,0.0,108
3,0.0004263258642323222,0.009331897343009949,0.009968557548617342,0.00034415103845023963,4.333333333333333,0.0,0.0,0.0,109
2,0.00048269755322530577,0.020227269945783204,0.01019872939256112,0.00036528828006808143,4.5,0.0,0.0,0.0,110
3,0.0004466918557238049,0.017387925442729685,0.009921400143904724,0.00034924403032783125,3.6666666666666665,0.0,0.0,0.0,111
3,0.00048410530387186753,0.03323685273348101,0.010491538663138926,0.00036069577171062673,3.3333333333333335,0.0,0.0,0.0,112
1,0.0004600838913610153,0.0,0.010041624711053274,0.0003150362987110919,5.0,0.0,0.0,0.0,113
2,0.00029904520193976066,0.005424739012838243,0.00894245299989789,0.00019421916578064218,2.0,0.0,0.0,0.0,114
6,0.0004274859035072814,0.05862649769303259,0.008852814391123672,0.000398390333728635,3.6666666666666665,0.0005158657687899218,0.0,0.13333333333333333,115
4,0.00042609053197639724,0.04946211555642585,0.009333891594067844,0.0003814271159874174,4.25,0.000162113277459837,0.0,0.16666666666666666,116
3,0.0004687754768745819,0.027383764334406247,0.009636942117178856,0.0003514134307969481,2.6666666666666665,0.0,0.0,0.0,117
4,0.0005228626361720811,0.06043091948255394,0.010227351488198129,0.00039189346684075874,2.75,0.0,0.0,0.0,118
4,0.00047676520899359335,0.001517580682666536,0.009108134789419752,0.000394204449326504,3.25,0.0,0.0,0.0,119
2,0.00048227945306773086,0.0005078999865375907,0.010063834953397214,0.0003601171525912824,4.5,0.0,0.0,0.0,120
4,0.0004486006843699878,0.017776499528815673,0.009509167096167724,0.00038910648090910693,3.25,0.0,0.0,0.0,121
3,0.00047433935994574243,0.014456791785482627,0.009812227696984619,0.00037823668408632996,4.333333333333333,0.0014033566361748475,0.0,0.3333333333333333,122
4,0.0004747236769580372,0.06564148380227391,0.009356489429222676,0.00038940156071998275,4.0,0.0007016783180874238,0.0,0.16666666666666666,123
3,0.0004685969205667348,0.01408351589176223,0.009709555403274383,0.0003792525766586209,3.6666666666666665,0.0,0.0,0.0,124
4,0.00046899739900486286,0.06468075732171487,0.009264059753747795,0.0003894357308081348,3.5,0.0,0.0,0.0,125
3,0.00046345778445125495,0.0017960077837202756,0.008911291923585613,0.00038256229626686014,3.6666666666666665,0.0,0.0,0.0,126
3,0.0004625474998249567,0.003172845096623383,0.009036963637556374,0.0003584673388105591,2.6666666666666665,0.0,0.0,0.0,127
4,0.00044900873409021617,0.06860321384425216,0.009125573512768884,0.00039333566961289966,4.25,0.0,0.0,0.0,128
3,0.0004928002512554958,0.035421434603287276,0.010500318908921181,0.0003565118684339528,3.0,0.0,0.0,0.0,129
3,0.0004372274101138582,0.021337918711525045,0.009190891022464816,0.00035714580293709394,3.3333333333333335,0.0,0.0,0.0,130
4,0.00038883072368148616,0.0018128357953224247,0.008688856251904025,0.00032613207802051624,3.75,0.00434837546928483,0.0,0.5,131
4,0.00038961085501089285,0.00969905395978411,0.008706289156677195,0.0003261320780205162,3.75,0.00434837546928483,0.0,0.5,132
1,0.00047285631302842465,0.0,0.010718288173753799,0.00029429459540069724,3.0,0.0,0.0,0.0,133
4,0.0004263256846671785,0.0,0.008979322521330975,0.0003862839094463384,4.25,0.0012896644219748045,0.0,0.3333333333333333,134
4,0.00043463978736136,0.012256911723310773,0.008770758079592133,0.0003947889720182957,4.0,0.0011275511445149676,0.0,0.16666666666666666,135
3,0.0004060864898244625,0.014557759855095522,0.008796989170866836,0.00037247929963644906,4.333333333333333,0.0,0.0,0.0,136
3,0.0005056419064948468,0.029638717889094224,0.010040066371879588,0.00038054244937281233,3.6666666666666665,0.0,0.0,0.0,137
3,0.0003971390258998731,0.01369800144414936,0.008915490641237847,0.0003611996303658482,4.0,0.0,0.0,0.0,138
5,0.00039648992596045174,0.014187543599848241,0.008533645677900003,0.0003790991269189681,3.0,0.0,0.0,0.0,139
3,0.0004992315155828335,0.005198325765827509,0.009216826061540312,0.0003784047058439932,2.6666666666666665,0.0,0.0,0.0,140
4,0.00040754332685761585,0.007104480534580034,0.008393101375496266,0.00038661454819680855,4.0,0.0,0.0,0.0,141
1,0.00036870253006065785,0.0,0.008436888132884231,0.00030951774755549037,5.0,0.0,0.0,0.0,142
4,0.0003802078184661551,0.011537896682128039,0.00847786086730928,0.00036569827244927855,3.25,0.0,0.0,0.0,143
1,0.00028655309292482787,0.0,0.009733799311833805,0.00014447062286864,2.0,0.0,0.0,0.0,146
2,0.0002930491269181384,0.0018143656145589836,0.009556013129530657,0.00015800727682078536,1.5,0.0,0.0,0.0,147
3,0.0004061617417598479,0.0018143656145589836,0.009267047107528901,0.0003023056753343161,2.3333333333333335,0.005239774193795509,0.0,0.3333333333333333,148
1,0.0003926089395132964,0.0,0.009491639017862721,0.00025635043402396024,3.0,0.0,0.0,0.0,149
3,0.00037618190703793137,0.008738327479225054,0.008850406595205753,0.0003510787904002018,3.3333333333333335,0.0,0.0,0.0,150
2,0.00029614484268380807,0.003622611952171731,0.009255662782862287,0.0001742821444204581,2.0,0.0,0.0,0.0,151
2,0.0003814181795857917,0.0,0.008301082884819925,0.0003451806204645104,4.0,0.0,0.0,0.0,152
3,0.00038229978251320566,0.014701562863332069,0.008312380850016263,0.00035716039507073896,3.6666666666666665,0.0,0.0,0.0,153
2,0.000516534849353588,0.02527873306490105,0.010066863618168068,0.000356575593345017,3.5,0.0,0.0,0.0,154
2,0.0003727560250445422,0.0,0.008835615967788367,0.0003027328558215762,4.0,0.005726333580166205,0.0,1.0,155
3,0.0003795766561770492,0.019826457305804745,0.008719659051951685,0.000346941667193879,3.0,0.0,0.0,0.0,156
3,0.00047105014683243796,0.005957116107160778,0.00879050496650283,0.0003707336514158007,2.6666666666666665,0.0,0.0,0.0,157
3,0.00045731326499928726,0.01807940373765436,0.009643520699255581,0.0003382997170420565,3.0,0.0,0.0,0.0,158
3,0.00041020896435668816,0.0018143656145589836,0.009419584190468308,0.00032196241267397785,3.0,0.0,0.0,0.0,159
1,0.0003881324784668075,0.0,0.009440372437180157,0.0002703467986883046,3.0,0.0,0.0,0.0,160
4,0.00042941765143780504,0.01286272014098814,0.009305362307147243,0.00033285101093884055,3.75,0.0032431975489359724,0.0,0.3333333333333333,161
3,0.00042403523761980487,0.0,0.009259701070470803,0.0003231439207247844,3.0,0.005239774193795509,0.0,0.3333333333333333,162
3,0.00042350145856317713,0.004173346877332974,0.0094723517248285,0.0003236031222231659,3.0,0.005239774193795509,0.0,0.3333333333333333,163
2,0.0005283783589724522,0.05531826359397373,0.010200765052549543,0.0003626411689155514,3.5,0.0,0.0,0.0,164
2,0.0005035168580431503,0.005635854067483386,0.009644597728584425,0.0003643677569604839,3.5,0.0,0.0,0.0,165
2,0.0004777763709069119,0.02792837998262125,0.009603981294387153,0.0003396881051220876,3.0,0.0,0.0,0.0,166
3,0.0004430813014896382,0.01815283506100919,0.009079267510835156,0.0003549192669378906,3.0,0.0,0.0,0.0,167
4,0.0004176837889770972,0.004512966747849074,0.009357552337049027,0.0003383547317397586,3.0,0.0,0.0,0.0,168
4,0.000429403274457125,0.014264034561676192,0.010046422386495278,0.0003465242418253144,2.75,0.0,0.0,0.0,169
2,0.00041105332372938,0.0021692836774406736,0.00944085809081821,0.00032185878624261876,4.0,0.0,0.0,0.0,170
2,0.0004381921285061717,0.0018143656145589836,0.009834089673500133,0.00028193167097339893,2.0,0.0,0.0,0.0,171
1,0.00043842675056839027,0.0,0.010138918689822814,0.0002719240481058492,3.0,0.0,0.0,0.0,172
3,0.0004522513786827748,0.016479212816213635,0.009843714562315028,0.0003242019189394584,2.6666666666666665,0.0,0.0,0.0,173
2,0.00048232243216324706,0.01820178927657908,0.009318254061509264,0.0003388204441217692,3.5,0.0,0.0,0.0,176
4,0.0004875542692958945,0.021310381965266984,0.008949817533659239,0.00034602188310768286,1.75,0.0,0.0,0.0,177
3,0.0004804073602280831,0.03371721597376054,0.009356157861674734,0.0003533613342376097,2.3333333333333335,0.0,0.0,0.0,178
4,0.00047650327556923293,0.022206856037890563,0.010092981563968064,0.0003219701082284984,2.25,0.0,0.0,0.0,181
2,0.00044685851415887065,0.0018143656145589836,0.010070592058506047,0.0002704984843045873,2.5,0.0,0.0,0.0,182
1,0.00044331844509539083,0.0,0.01059357393049572,0.00023310684128599452,2.0,0.0,0.0,0.0,183
3,0.000481190976537333,0.020395550061804695,0.009659380116155209,0.0003485026886566961,3.0,0.0020115702738527056,0.0,0.3333333333333333,184
1,0.00047128996567424457,0.0,0.009292055044269176,0.00028710958661511566,4.0,0.0,0.0,0.0,185
2,0.0004874155154614289,0.0060825612845586165,0.008843336422138462,0.00035319950215924453,2.5,0.0,0.0,0.0,186
3,0.00037428259160540413,0.017299195927009264,0.008714755103396702,0.00032532193293383397,2.3333333333333335,0.0,0.0,0.0,187
4,0.00038261330612934216,0.007254402819762817,0.007847223930867358,0.00037663445577296926,3.5,0.0,0.0,0.0,188
1,0.00043242393911986686,0.0,0.009036377894945583,0.0002956258229936047,3.0,0.0,0.0,0.0,189
3,0.000518302675671055,0.0399099242433514,0.008975911608959613,0.00037740278076505964,3.0,0.0,0.0,0.0,190
1,0.000454886913555119,0.0,0.008968648915800312,0.00028710958661511566,4.0,0.0,0.0,0.0,191
3,0.0005399535122800087,0.056083173212253236,0.010088725832397944,0.00037410938630932586,3.3333333333333335,0.0,0.0,0.0,192
5,0.00040130211951193136,0.008680194348235812,0.007951724908198392,0.00038835341849359435,3.6,0.0004146077560545289,0.0,0.1,193
2,0.0004883949572794806,0.005201385404300628,0.00882303299419466,0.0003566888463745132,2.5,0.0,0.0,0.0,194
2,0.0004948084128611918,0.006379346216451064,0.00860874866953399,0.00036566014741750623,3.0,0.0,0.0,0.0,195
3,0.0004393114508480914,0.019523553096966063,0.008815672829922114,0.0003853144829037965,3.6666666666666665,0.0,0.0,0.0,196
3,0.0004462506746980965,0.020058989829761713,0.008780980800767448,0.0003834021369597643,3.3333333333333335,0.0,0.0,0.0,197
1,0.0004143895773179545,0.0,0.009863331875232084,0.00024154830195376585,2.0,0.0,0.0,0.0,200
1,0.0005094276740271406,0.0,0.009656196681111165,0.0002924635217533721,5.0,0.0,0.0,0.0,201
5,0.0005281959039721603,0.00667919078681663,0.00929378145078628,0.00035382826502020293,1.8,0.0,0.0,0.0,202
3,0.00047155484204356227,0.021787685567073393,0.008973997261815426,0.0003899810781344035,3.3333333333333335,0.0,0.0,0.0,204
1,0.0005111592688515176,0.0,0.009689019044419381,0.00029246352175337203,5.0,0.0,0.0,0.0,205
4,0.0005254043765733897,0.03230366299918001,0.008656782988968274,0.00041045496677877367,3.0,0.0,0.0,0.0,206
2,0.0003851790488253429,0.014215080346106303,0.008600190241829354,0.0003280962473720406,3.0,0.0,0.0,0.0,207
2,0.0003687395860108358,0.0018143656145589836,0.009085361905642863,0.0002728603635476391,2.0,0.0,0.0,0.0,208
4,0.0005220559944251256,0.02912163898713728,0.0098620504837871,0.00036922029873837477,2.25,0.0,0.0,0.0,209
1,0.000366898083370697,0.0,0.009538845838231726,0.0002348587609403651,2.0,0.0,0.0,0.0,210
1,0.0005113702218982821,0.0,0.010355477434396583,0.00030290086914732436,4.0,0.0,0.0,0.0,211
3,0.0005341279589902431,0.029023730555997503,0.009704326732970269,0.00037011997053577926,4.333333333333333,0.0,0.0,0.0,212
3,0.00042835160206237304,0.004727141440967335,0.009729137714842483,0.00033161974365864786,3.3333333333333335,0.0,0.0,0.0,213
4,0.0004298834548751353,0.0005874505868386592,0.009354882469498314,0.00033722731630300576,3.0,0.0,0.0,0.0,214
2,0.0005178460432439103,0.0072268660735047546,0.009052305068237032,0.00036439829635749404,3.0,0.0,0.0,0.0,217
1,0.0005168494080658643,0.0,0.009796875578718512,0.00029246352175337203,5.0,0.0,0.0,0.0,220
3,0.0004267704337200156,0.00024171143937632328,0.00982826052090383,0.00032885852032872473,3.3333333333333335,0.0,0.0,0.0,222
2,0.00043413297612801587,0.001890856576386934,0.009585719011470626,0.0003175362826272288,4.0,0.0,0.0,0.0,223
3,0.000441297627251219,0.002472187886279357,0.009264308488265762,0.00033442092580878243,3.6666666666666665,0.0,0.0,0.0,224
4,0.0005832238723486789,0.11166456571491512,0.01048667386556161,0.00038757135940724476,3.25,0.0,0.0,0.16666666666666666,225
1,0.00044188244418786243,0.0,0.009960475585903928,0.00027035222457063787,4.0,0.0,0.0,0.0,226
4,0.00044513049610290085,0.0064741950091177225,0.009400907142920478,0.0003357204372642892,2.25,0.0,0.0,0.0,227
3,0.0005720890072866575,0.02998139739808344,0.009580760836083599,0.00037841533613812824,4.333333333333333,0.0,0.0,0.3333333333333333,228
4,0.0005427750281880624,0.024599493323868852,0.008687866288220925,0.0004112273990433216,3.5,0.0,0.0,0.0,229
4,0.0005016865735105029,0.024550539108298963,0.008499507794443613,0.00040150432398258545,2.5,0.0,0.0,0.0,230
3,0.0004819457268584847,0.03801906766696447,0.009785033822420313,0.0003411257679801395,3.3333333333333335,0.0020115702738527056,0.0,0.3333333333333333,231
3,0.0004598663613712999,0.030841155809029602,0.008962438736324366,0.0003889614388705502,3.6666666666666665,0.0,0.0,0.0,232
1,0.0004415964470595471,0.0,0.009926691034021998,0.00027998116547913886,4.0,0.0,0.0,0.0,233
3,0.00048550221418872406,0.03230978227612625,0.009457608891109883,0.00035159357890320297,3.0,0.0020115702738527056,0.0,0.3333333333333333,234
3,0.00043522098432514526,0.0021264487388170214,0.009690571998985993,0.0003301596225622155,3.3333333333333335,0.0,0.0,0.0,236
3,0.0004635454631183282,0.011525658128235567,0.009220138608515461,0.00035560213220415247,3.3333333333333335,0.0,0.0,0.0,237
2,0.0004979193912163372,0.006449717901332778,0.008930021062981667,0.0003638145706760037,3.5,0.0,0.0,0.0,238
3,0.00047553072797295,0.006578222717203735,0.00888720320386633,0.00036068301761379415,2.0,0.0,0.0,0.0,239
4,0.0004225813079404926,0.011761250290665654,0.008582653719068174,0.0003817440126970852,3.75,0.0006828630861430547,0.0,0.16666666666666666,240
1,0.00045786766124848906,0.0,0.009179642149426482,0.0002971311193933313,3.0,0.0,0.0,0.0,241
1,0.00047700102044061216,0.0,0.008729847621648544,0.0003242927853409839,4.0,0.0,0.0,0.0,243
3,0.0004967524162799254,0.017204347134342605,0.008603845446145099,0.0004073077210293422,4.0,0.0,0.0,0.0,244
3,0.00045082808841540766,0.0056603311752683304,0.009892328640398315,0.00032950369042995424,3.6666666666666665,0.0014688172101705217,0.0,0.3333333333333333,245
4,0.00047062782792810665,0.0343046665605992,0.009351298485050853,0.0003458588522038928,2.75,0.0,0.0,0.0,246
1,0.00043415883372343374,0.0,0.009216973899854965,0.0002869973348877825,4.0,0.0,0.0,0.0,247
3,0.0005252201387155269,0.08626650674956247,0.008876533836569875,0.0003909940071426155,3.0,0.0,0.0,0.0,248
2,0.0005394228677242765,0.027555104088900856,0.009596452920943958,0.0003571933540922152,2.5,0.0,0.0,0.0,249
3,0.0004886504093428025,0.03303491659425522,0.009146962415900257,0.0003677389688431237,3.3333333333333335,0.0,0.0,0.0,250
3,0.0004812385307995507,0.041745707327222215,0.009049046830792426,0.00036302781452955896,3.6666666666666665,0.0,0.0,0.0,251
4,0.0005072224571269938,0.008285500985203588,0.008645630328940914,0.0003981895071971476,2.75,0.0,0.0,0.0,252
4,0.0004728863836838628,0.0422872633369641,0.008549370502148115,0.0004124599738733728,3.0,0.0,0.0,0.0,253
4,0.0005073684843871552,0.08114467194556291,0.008965705674931101,0.0003894473308137944,3.0,0.0,0.0,0.0,254
3,0.0003969142568074158,0.019489897073761763,0.008363495772054615,0.0003570978793596453,3.3333333333333335,0.0,0.0,0.0,255
4,0.0004706315681996913,0.04732036862524324,0.008830173511675855,0.0004106877104755873,3.25,0.0,0.0,0.0,256
3,0.0003879974406297038,0.01789582542926728,0.008802788978732367,0.00028190958236094435,2.3333333333333335,0.0,0.0,0.0,257
1,0.00035036634218845234,0.0,0.008425403125729355,0.0002415320878272922,3.0,0.0,0.0,0.0,258
2,0.0005458872906419968,0.02859538116976098,0.009824103831517952,0.0003600499868021274,2.5,0.0,0.0,0.0,259
3,0.0005843875381236928,0.12383886719945171,0.010235594867346454,0.0003871387968364468,3.0,0.0,0.0,0.0,262
4,0.0005751320641621556,0.029118579348664162,0.010073484494357089,0.0003593921476315877,2.75,0.0,0.2777777777777778,1.0,263
4,0.0004518405531090333,0.028107368833298656,0.009440055538615603,0.0003334575806613202,3.5,0.0007344086050852607,0.0,0.16666666666666666,264
2,0.00036211073039248414,0.0018143656145589836,0.009005060317841825,0.00018140252249001964,1.5,0.0,0.0,0.0,265
1,0.0003493404550483603,0.0,0.009162470160148734,0.00016378399987280367,2.0,0.0,0.0,0.0,266
3,0.0005864365035443742,0.10645706103366825,0.010001215871143285,0.0003849286587114976,3.0,0.0,0.0,0.0,269
3,0.0005689682192638,0.0,0.009686348682331949,0.0003859351257915007,3.3333333333333335,0.0,0.0,0.0,270
4,0.000588539727340204,0.10681197909654995,0.009181544010819769,0.0004113164239059553,3.25,0.0,0.0,0.0,271
3,0.00038936582589874834,0.005430858289784479,0.008658854109620605,0.0002788714036932909,2.3333333333333335,0.0,0.0,0.0,272
1,0.0003560696887292644,0.0,0.008402536623952447,0.00023929844258947035,3.0,0.0,0.0,0.0,278
4,0.0004111870958819167,0.009853565702676571,0.008533195063727135,0.00036844471575912184,3.75,0.001865742465919899,0.0,0.5,279
4,0.0004109375876634169,0.0,0.008528017123271841,0.00036844471575912173,3.75,0.001865742465919899,0.0,0.5,280
2,0.0003810514026312969,0.0018143656145589836,0.008990308009552654,0.00023941302491746713,2.0,0.0,0.0,0.0,281
1,0.00034827864394372147,0.0,0.008690626903065369,0.0002096487837685371,2.0,0.0,0.0,0.0,282
2,0.00039985373898966084,0.0,0.008840746949028828,0.0003388553895476949,4.0,0.0029511987181157747,0.0,1.0,283
3,0.0004401301239649476,0.03312976538692188,0.008272021620661742,0.0003992814969960656,3.3333333333333335,0.0,0.0,0.0,284
3,0.00036812172097359626,0.007229925711977872,0.008158566656857583,0.00023080815715457211,2.6666666666666665,0.0,0.0,0.0,286
2,0.00036247668731743894,0.003622611952171731,0.008522978178553867,0.00020318585234441007,2.5,0.0,0.0,0.0,287
3,0.0004319068955842607,0.034402574991738974,0.008238286548627865,0.00038971587098620954,3.6666666666666665,0.0,0.0,0.0,288
3,0.0004606012607324062,0.02165612111272932,0.00834099543308227,0.00036727842365393465,2.6666666666666665,0.0,0.0,0.0,289
3,0.0005214600481501348,0.07582396064081068,0.009105915323009965,0.00038271540314773454,3.3333333333333335,0.0,0.0,0.0,290
3,0.00039726526586656205,0.029143056456449105,0.008491126778452726,0.0003362207250810686,2.6666666666666665,0.0,0.0,0.0,293
2,0.0004717076948549668,0.028368967922750246,0.009075327652025794,0.0003796355741323141,4.0,0.0,0.0,0.0,294
3,0.0004465319819163893,0.02204163556034219,0.008158907853474109,0.00039988099673540295,3.3333333333333335,0.0,0.0,0.0,295
2,0.00040586978319361435,0.02106561088741754,0.008360496981484451,0.00033934485456207214,3.0,0.0,0.0,0.0,297
3,0.0004714193549986457,0.010105985876708808,0.008853601426346152,0.00034824205952329197,2.3333333333333335,0.0,0.0,0.0,298
1,0.00036640310557324563,0.0,0.008618661171766557,0.00020302084848783532,3.0,0.0,0.0,0.0,299
1,0.0003674641898755847,0.0,0.008150734322577154,0.0002303827633861135,5.0,0.0,0.0,0.0,300
5,0.000390476438937986,0.010809702725525951,0.008130254516190647,0.000266837264226037,2.4,0.0003529957888473721,0.0,0.2,301
3,0.0005268990282368797,0.08256434419708968,0.00870677960545716,0.000390943428852076,2.6666666666666665,0.0,0.0,0.0,302
1,0.0004098529882819008,0.0,0.008254600599417823,0.0002886364548942974,3.0,0.0,0.0,0.0,303
3,0.0005877823703136434,0.10664063934205534,0.009660290448254233,0.00038557179409267895,3.3333333333333335,0.0,0.0,0.0,304
3,0.000584632458453101,0.0,0.009608521179565545,0.00038557179409267895,3.3333333333333335,0.0,0.0,0.0,305
3,0.0003311794214005307,0.014365002631289087,0.007951857857002243,0.00024246911296470024,2.3333333333333335,0.0,0.0,0.0,311
3,0.0004814660297150309,0.02244244820032065,0.00832693912772973,0.0003745716783935344,3.0,0.0,0.0,0.0,312
2,0.000523927455794254,0.07700498109143424,0.00848589160435461,0.0003759736208941596,2.5,0.0,0.0,0.0,313
2,0.0005448296855547767,0.0774578075854557,0.008534621232168995,0.00038377034756315726,2.5,0.0,0.0,0.0,314
3,0.0005940106447045567,0.10774822846932407,0.00913205758638557,0.00042177151380485504,3.3333333333333335,0.0,0.0,0.0,317
3,0.00047462580424419414,0.010387472616235665,0.00870487771313809,0.00034596067280415237,2.3333333333333335,0.0,0.0,0.0,318
1,0.0004325074754900834,0.0,0.008520469344379073,0.000287067443574139,3.0,0.0,0.0,0.0,319
1,0.00041693860791414535,0.0,0.007950866201962824,0.0002964058777161915,3.0,0.0,0.0,0.0,320
3,0.0004761263320043326,0.01884737299440698,0.008432184439277129,0.00035961491937594914,2.6666666666666665,0.0,0.0,0.0,321
2,0.00039221736024604354,0.0,0.008698885848549815,0.00025181130987603933,4.0,0.002178893322151208,0.0,1.0,322
3,0.0003941793491960615,0.016130414030278182,0.0076849611945130755,0.0002953138849493389,3.6666666666666665,0.0004503548554408378,0.0,0.3333333333333333,323
3,0.00039368269553540533,0.0017929481452471576,0.008202429104040275,0.0002666238287069481,3.3333333333333335,0.0011766526294912404,0.0,0.6666666666666666,324
3,0.00039749430164754107,0.019422585027353167,0.007225537848123546,0.00035571649680050737,2.6666666666666665,0.0,0.0,0.0,325
1,0.000473427229850051,0.0,0.008713289184128446,0.00032212685883798077,4.0,0.0,0.0,0.0,326
2,0.00039224182718469155,0.0023895776475051705,0.006983465549332001,0.00036185948664902427,3.5,0.0,0.0,0.0,327
3,0.0004555330652093682,0.01917169467255749,0.008189681110555853,0.0003756807514860099,3.3333333333333335,0.0,0.0,0.0,328
4,0.0005151328051186394,0.007594022690278916,0.008556049356035251,0.00041268838803898335,3.5,0.0,0.0,0.0,331
3,0.0004911402545362764,0.003573657736601843,0.009013391652842852,0.00036437912370764375,4.0,0.005701419067909092,0.0,0.3333333333333333,332
3,0.0005608853878718309,0.04162944106524373,0.009484441939211972,0.0004002587054632773,3.3333333333333335,0.0,0.0,0.0,333
3,0.000544239660601522,0.004298792054730813,0.009113120637550274,0.0004011988224165497,3.3333333333333335,0.0,0.0,0.0,334
3,0.0005793607911544985,0.017161512195718952,0.009341219865516366,0.0004066583178293334,3.0,0.0,0.0,0.0,335
1,0.0004366925395535032,0.0,0.008501787487272204,0.00030159270675737435,3.0,0.0,0.0,0.0,336
3,0.0005966349779968452,0.13738694635841828,0.008908379995699996,0.00043076047179459013,3.3333333333333335,0.0,0.0,0.0,341
4,0.0004538820082735897,0.012425191839332264,0.007735399218632883,0.0004002140550153499,2.5,0.0,0.0,0.0,342
3,0.0005837499678801615,0.049180628816899,0.009596694218242791,0.00040422573777603387,3.0,0.0,0.0,0.0,343
4,0.00046401087884438816,0.0036256715906448495,0.009124069123468989,0.0003385275658326058,2.25,0.002850709533954546,0.0,0.16666666666666666,345
4,0.0004805323308432082,0.008389528693289601,0.009394950744101875,0.00036491996109972764,3.0,0.002850709533954546,0.0,0.16666666666666666,346
1,0.0004743937775697601,0.0,0.00991994933173456,0.00030000057548627346,4.0,0.0,0.0,0.0,347
4,0.0005285813826516673,0.04083699470070616,0.008573389401904047,0.0004159537890141513,3.5,0.0,0.0,0.0,352
3,0.0005116064353912771,0.03061168292354575,0.009122707058414423,0.00039683992518963726,3.6666666666666665,0.0,0.0,0.0,353
1,0.000422457081316144,0.0,0.008881374813447236,0.00028193083896779964,4.0,0.0,0.0,0.0,354
1,0.000422066912577473,0.0,0.008873172241015899,0.00028193083896779964,4.0,0.0,0.0,0.0,355
4,0.0004955920415374517,0.0348645804011798,0.00923940312723329,0.000400464943350143,3.5,0.0,0.0,0.0,356
4,0.000472769033850398,0.0176785910976759,0.008387902618221818,0.0003730238810782262,2.5,0.0,0.0,0.0,357
4,0.0004807143611314264,0.04366410064986721,0.009073358904008169,0.00040100152384202304,3.25,0.0,0.0,0.0,358
3,0.00042812424883723245,0.04628315118285623,0.008280985602436917,0.0003708914002999332,2.3333333333333335,0.0,0.0,0.0,362
3,0.0005823539888893783,0.05301741546218899,0.009024956819090955,0.00041998560847518717,3.3333333333333335,0.0,0.0,0.0,363
3,0.0005201802432700243,0.03605172012874958,0.00907521806185499,0.0003965651992218809,3.3333333333333335,0.0,0.0,0.0,364
4,0.000595198570559756,0.1495306514582237,0.008833709601377809,0.0004273960174117772,2.5,0.0,0.0,0.0,365
2,0.00046413415022114856,0.013269652057912836,0.008384752668095874,0.0003526298218364394,3.5,0.0,0.0,0.0,366
2,0.0004605406878711933,0.0018143656145589836,0.008795013269413688,0.0003056427603114055,2.5,0.0,0.0,0.0,367
3,0.000498817812339228,0.004629233009827559,0.009111972537732726,0.00039021238583443837,3.6666666666666665,0.0,0.0,0.0,368
4,0.0005247627734901154,0.014802530932944962,0.008164930750692315,0.00042759961610373343,3.25,0.0,0.0,0.0,369
1,0.0004470652140485996,0.0,0.009145526857664635,0.00025874603573116506,2.0,0.0,0.0,0.0,370
2,0.00040503518946662017,0.00022335360853761518,0.008564332223651463,0.00026914970518834397,2.5,0.0,0.0,0.0,371
2,0.0004088386014806028,0.0001132066235053666,0.009131267571821595,0.00025542512851781893,2.5,0.0,0.0,0.0,372
3,0.00043034790980938026,0.011023877418644213,0.0085578501179511,0.0003022315897333247,2.6666666666666665,0.0,0.0,0.0,373
3,0.0004600758107466994,0.012449668947117208,0.008305107976876197,0.0003604307390196259,2.3333333333333335,0.0,0.0,0.0,376
1,0.0004556895773424086,0.0,0.008845512309063396,0.000296959889802903,3.0,0.0,0.0,0.0,379
3,0.0005955584953231933,0.19845427064338078,0.008882748307345605,0.0004173959403679951,3.0,0.0,0.0,0.0,380
3,0.0005021779126089763,0.004402819762816825,0.008832532040402274,0.0003943991998810151,3.0,0.0,0.0,0.0,381
4,0.00048045211131337743,0.01586728512159003,0.00892630201424908,0.0003885656413551599,2.75,0.0,0.0,0.0,382
3,0.0004460382490814415,0.01689226401008457,0.008027162652296109,0.00039449205226746117,3.3333333333333335,0.0,0.0,0.0,383
3,0.0004402704673837235,0.06782912531055331,0.009234669185178608,0.0002874559130990389,3.0,0.0,0.0,0.0,384
3,0.0004889061048666846,0.009787783475504535,0.009187620362744344,0.00033006548504813067,3.3333333333333335,0.0015623252695214909,0.0,0.3333333333333333,385
3,0.0004901012398907354,0.011672520774945232,0.00809758826631632,0.0004027113897023273,3.3333333333333335,0.0,0.0,0.0,392
1,0.00043770950842894493,0.0,0.010319038009228444,0.00023621014426512498,3.0,0.0,0.0,0.0,393
3,0.0004523693549825864,0.06223610618169357,0.010049576586473206,0.00027468615203595116,2.3333333333333335,0.0,0.0,0.0,394
3,0.0003937520612186526,0.00814475761544016,0.0069137525859415275,0.00037761341955377356,3.3333333333333335,0.0,0.0,0.0,395
2,0.0004003578013596216,0.003977530015053421,0.006666228128535978,0.0003876202784094374,3.5,0.0,0.0,0.0,396
1,0.00044146650916096437,0.0,0.010822618360946067,0.00023309134339906103,3.0,0.0,0.0,0.0,397
3,0.0004577401715381014,0.06461650491377939,0.010599198652693882,0.000270477615984498,2.3333333333333335,0.0,0.0,0.0,398
3,0.00041565688400770735,0.00599995104578443,0.006657929475074469,0.00040857193799040365,3.0,0.0,0.0,0.0,403
3,0.00047228820901715484,0.015074838757052466,0.008328476147503965,0.0003908434653051428,3.3333333333333335,0.0,0.0,0.0,404
1,0.00045928633877314186,0.0,0.009157537177597338,0.00031579933911801136,4.0,0.0,0.0,0.0,405
1,0.00046372790490290346,0.0,0.011695843467591002,0.00022182076811506012,3.0,0.0,0.0,0.0,408
3,0.00048270258127358,0.068288071081521,0.011518099010648417,0.00025541843659642447,2.3333333333333335,0.0,0.0,0.0,409
3,0.00042613294969215865,0.011923411129740909,0.009981633787852062,0.0002559094274189287,2.6666666666666665,0.0,0.0,0.0,410
1,0.00046918990074791827,0.0,0.011540989659433691,0.0002226657294071016,3.0,0.0,0.0,0.0,411
3,0.0004886017042125358,0.07427272393493985,0.011354143064213932,0.0002565393899215764,2.3333333333333335,0.0,0.0,0.0,412
3,0.00043413011563070723,0.06274706580670428,0.009622485473964833,0.00026420908515455415,3.0,0.0,0.0,0.0,413
1,0.00047665187859059034,0.0,0.011186834623071074,0.00023518956031327192,3.0,0.0,0.0,0.0,414
3,0.0004965765798511585,0.07868472261317602,0.010979284311236156,0.0002733069762210887,2.3333333333333335,0.0,0.0,0.0,415
2,0.00042595327323351846,0.0361220918136313,0.008200904315295379,0.00035247878178792604,2.5,0.0,0.0,0.0,416
2,0.000381352473869746,0.0018143656145589836,0.01041653653583852,0.00019095302543755254,2.0,0.0,0.0,0.0,417
1,0.0003472065812565816,0.0,0.009955933900459709,0.00017152982139689212,2.0,0.0,0.0,0.0,418
3,0.0004045077332169277,0.009117722649891689,0.009964797096433699,0.0002387801420287925,3.3333333333333335,0.0,0.0,0.0,421
3,0.0004702593991832933,0.025459251734815013,0.008058722659655508,0.00039044447316347063,2.6666666666666665,0.0,0.0,0.0,422
1,0.00048400398348693343,0.0,0.010828925887750078,0.00024509771434507946,3.0,0.0,0.0,0.0,425
3,0.0005045138589948343,0.08300493213721866,0.010601838927460108,0.0002867790218291355,2.3333333333333335,0.0,0.0,0.0,426
3,0.00041317828620101666,0.04777931439621094,0.0096611345203054,0.00024194358415475422,3.3333333333333335,0.0,0.0,0.0,431
2,0.0004170927225919925,0.03580082977395391,0.007840958051667584,0.00035333780204575957,4.0,0.0,0.0,0.0,432
1,0.0004915205711537249,0.0,0.011054575365040788,0.0002462750183092961,3.0,0.0,0.0,0.0,433
3,0.0005094370588722142,0.004023424592150191,0.010764866099446083,0.0002883921160967878,2.3333333333333335,0.0,0.0,0.0,434
3,0.00031070631349332484,0.010809702725525951,0.00787418981731102,0.000212529161931223,2.3333333333333335,0.0,0.0,0.0,435
1,0.0003275425633573462,0.0,0.008309880786005877,0.0002119885170288647,3.0,0.0,0.0,0.0,436
3,0.0004769426717392555,0.0659443880111126,0.010746394213917985,0.0002740679734392705,3.0,0.0,0.0,0.0,441
1,0.0005012639125146003,0.0,0.010183001157159137,0.00025167048368184757,4.0,0.0,0.0,0.0,443
4,0.0005170351858676307,0.012039677391719393,0.009800396995171332,0.0002958186330261305,2.25,0.0,0.0,0.0,444
3,0.0005029971941588234,0.009842856968020659,0.009359005839977981,0.0003351278286730262,3.3333333333333335,0.00704146528111691,0.0,0.6666666666666666,445
4,0.0005061893711474381,0.029944681736406024,0.008952993885279143,0.0003493466368996453,2.75,0.003520732640558455,0.0,0.3333333333333333,446
3,0.00042090313091000786,0.007431861851203662,0.007658777400105359,0.00034540071357145707,2.6666666666666665,0.0,0.0,0.0,447
1,0.0003602730678715761,0.0,0.007045398195377534,0.000286681796087974,3.0,0.0,0.0,0.0,448
3,0.0004918288104282302,0.0057062257523651004,0.010723200943540033,0.00027241960007275845,3.0,0.0,0.0,0.0,451
3,0.0004841857119723096,0.0712926360621229,0.011707801974385043,0.00025010964228729,2.3333333333333335,0.0,0.0,0.0,452
1,0.0004659840223598384,0.0,0.011901257763602886,0.00021780577489078796,3.0,0.0,0.0,0.0,453
3,0.00044493156481582993,0.03653208336902911,0.008167411446971588,0.0003465192934100968,3.6666666666666665,0.0054791400115954195,0.0,0.3333333333333333,454
3,0.000493086164727015,0.07560060703227306,0.010852366207044137,0.00027666226897439045,3.0,0.0,0.0,0.0,455
3,0.000509054976671726,0.006517029947741375,0.010531525329325149,0.00028759361369494875,3.0,0.0,0.0,0.0,456
1,0.0005129237417677808,0.0,0.009749513926518882,0.000270619215964335,3.0,0.0,0.0,0.0,457
3,0.0005231478564791969,0.013906056860321384,0.009232547876402028,0.0003223488562480254,3.0,0.0,0.0,0.0,458
3,0.0005009826785907085,0.07996671113341247,0.010472498260652528,0.00029073700519892766,3.0,0.0,0.0,0.0,459
2,0.0005360171423874939,0.03109204616382528,0.009154872179024684,0.0003501923120570563,4.0,0.0,0.0,0.0,462
3,0.0005177943794416327,0.00798871605331114,0.010146023224010384,0.00030304221390211044,3.0,0.0,0.0,0.0,463
3,0.0005091787398341461,0.08508854593741204,0.01008811208080708,0.0003055924553759783,3.0,0.0,0.0,0.0,464
3,0.0005137543445810407,0.006526208863160729,0.010375485914304306,0.00028542556870201366,2.6666666666666665,0.0,0.0,0.0,465
1,0.0005058312757964573,0.0,0.010903234753324088,0.00024410842122485243,3.0,0.0,0.0,0.0,468
3,0.0005265901453643778,0.09410530051769082,0.009744862293410643,0.0003255212479282622,3.0,0.0,0.0,0.0,469
3,0.00040017000644963915,0.0018143656145589836,0.009868032715672402,0.00022485055209501154,2.6666666666666665,0.0,0.0,0.0,470
4,0.00040345699449095064,0.009126901565311043,0.010437523559083227,0.0002258664929970756,3.5,0.0,0.0,0.0,471
1,0.00039401113486256897,0.0,0.010251878583710648,0.00019839701308482078,3.0,0.0,0.0,0.0,472
2,0.0005068179350161937,0.0018143656145589836,0.010293505067833542,0.0002517972235399238,2.5,0.0,0.0,0.0,475
2,0.00044873398639970133,0.02419868068389039,0.008151813799510453,0.00035890297305153515,3.0,0.0,0.0,0.0,476
1,0.00048012391198683614,0.0,0.010404153016074775,0.0002190844620028602,2.0,0.0,0.0,0.0,477
4,0.000559869372078266,0.1483771677538582,0.009142486144737502,0.00037525161073996983,2.5,0.0,0.0,0.0,478
3,0.00033986693876646086,0.0018143656145589836,0.009707290262549646,0.00018501179275208255,2.3333333333333335,0.0033050247498243638,0.0,0.3333333333333333,479
1,0.0003143937993626562,0.0,0.009407194325639318,0.00016672054902724598,3.0,0.0,0.0,0.0,480
3,0.000352586479949218,0.0018143656145589836,0.010070586200411732,0.00018501179275208247,2.3333333333333335,0.0033050247498243638,0.0,0.3333333333333333,481
3,0.00035622153473075673,0.00723298535045099,0.009693337624038812,0.000199505458079247,3.3333333333333335,0.0033050247498243638,0.0,0.3333333333333333,482
3,0.0004778700162606068,0.0036256715906448495,0.0110642194168891,0.00023475237399507576,1.6666666666666667,0.0,0.0,0.0,483
1,0.00047568706156661837,0.0,0.011660449709054211,0.00020606626839183851,3.0,0.0,0.0,0.0,484
1,0.00046573082250114285,0.0,0.011416393828005113,0.0002060662683918385,3.0,0.0,0.0,0.0,485
4,0.0004099069676050706,0.04326940728683499,0.010080886493544813,0.00023632486986841753,3.5,0.0,0.0,0.0,488
2,0.00037641977813037645,9.790843113977652e-05,0.010762533580270175,0.00019398738163225923,2.5,0.0,0.0,0.0,489
2,0.0003958959831603796,0.0018357830838708097,0.010803803407770308,0.0002012249003908307,2.5,0.0,0.0,0.0,490
3,0.00039851318631691103,0.0071809714964079846,0.010345261631589105,0.00021524400879770447,2.3333333333333335,0.0,0.0,0.0,491
4,0.00038996096250294395,0.031590767234943515,0.010087484041813179,0.00022084883149772093,2.75,0.0,0.0,0.0,492
3,0.00042739093493365245,0.017323673034794207,0.007908142251742712,0.00035522826891695773,3.3333333333333335,0.0011496473382850627,0.0,0.3333333333333333,493
3,0.0004313878865852557,0.022971765656170068,0.00806914051972836,0.0003555949633620221,3.0,0.0011496473382850627,0.0,0.3333333333333333,494
4,0.0004258382808208758,0.01028956418509589,0.007993649871640456,0.0003501834804289308,2.5,0.0005748236691425313,0.0,0.16666666666666666,495
1,0.00041857439294056974,0.0,0.008426414210978261,0.00028996888798366597,4.0,0.0,0.0,0.0,496
4,0.000385178725524686,0.01809164229154683,0.010455695914171986,0.00021591173886904359,3.25,0.0,0.0,0.0,497
3,0.0005869085115928969,0.20958829504705723,0.008981156037802645,0.0004041740309716371,2.6666666666666665,0.0,0.0,0.0,498
6,0.00041934251080068545,0.03953052907268477,0.007657301972070528,0.00037375980840199724,2.8333333333333335,0.0004226536213539217,0.0,0.13333333333333333,499
3,0.000556459362810898,0.02565200895862145,0.008798453407953433,0.00039782355526801885,3.3333333333333335,0.0007871577679114845,0.0,0.3333333333333333,500
1,0.000516806853591803,0.0,0.008372931325122894,0.0003409768530428498,4.0,0.0,0.0,0.0,501
3,0.000426242227721058,0.01587034476006315,0.007530169424191178,0.00036795482587136596,3.0,0.0,0.0,0.0,502
3,0.00041521837872453174,0.005146311911784504,0.007032670970034905,0.0003791901005264334,3.0,0.0,0.0,0.0,503
3,0.0003583688184296836,0.0036256715906448495,0.008147837606341,0.00022230401942658953,1.6666666666666667,0.0,0.0,0.0,504
1,0.0003513572573218127,0.0,0.008466149867107376,0.00019641178391371756,3.0,0.0,0.0,0.0,505
3,0.0004034693791758195,0.014585296601353584,0.0073915069741986965,0.00034553782273642406,2.3333333333333335,0.0,0.0,0.0,506
3,0.0005402132707721663,0.11430503371721597,0.009331823075411744,0.0003560607568588705,3.3333333333333335,0.0,0.0,0.0,509
1,0.0003292179276432459,0.0,0.007932690320989703,0.0001964117839137176,3.0,0.0,0.0,0.0,511
3,0.0003961393136587158,0.005424739012838243,0.008471602175521566,0.00025579737795550304,3.3333333333333335,0.0,0.0,0.0,512
3,0.00029398651803665365,0.00723298535045099,0.007844791385801493,0.00018902746093619113,3.0,0.0015674506149778663,0.0,0.3333333333333333,513
1,0.00030513564232159614,0.0,0.008147893751193593,0.00018874204150517006,3.0,0.0,0.0,0.0,514
3,0.0005058095372102003,0.023886597559632353,0.009218815906337961,0.00033884265169324164,3.0,0.0,0.0,0.0,515
1,0.0003727075168534784,0.0,0.011137511839283604,0.00017525393962996436,4.0,0.0,0.0,0.0,516
4,0.0003822652529479874,0.007236044988924108,0.010903372147565519,0.00019557967165569754,1.75,0.0,0.0,0.0,517
4,0.00043824704405731797,0.04423319340586716,0.008222562406530274,0.0003495064471631171,2.5,0.0,0.0,0.0,518
2,0.0005713975168747941,0.1399876390605686,0.009052989731371813,0.000375356314844911,3.5,0.0,0.0,0.0,519
1,0.0003323626025490364,0.0,0.009944851314155371,0.00016672054902724614,3.0,0.0,0.0,0.0,522
1,0.0003835076177202345,0.0,0.007716959857180779,0.0002895045161093287,4.0,0.0,0.0,0.0,523
3,0.0003996809155246843,0.023219596372492626,0.008018573163652119,0.0002917001775972001,3.3333333333333335,0.0,0.0,0.0,524
3,0.00041546817060952656,0.038052723690168766,0.007861858707560175,0.00036521037024255643,3.0,0.0,0.0,0.0,525
3,0.00037684114016054137,0.0019153336841718782,0.011247211076162979,0.00019222925612390397,2.3333333333333335,0.0,0.0,0.0,532
3,0.0005591893204162838,0.09269786682005654,0.009127534708995712,0.00038549288797630173,3.0,0.000757517321759835,0.0,0.3333333333333333,533
1,0.00035688560630101697,0.0,0.011136860749246913,0.00017255892766273155,3.0,0.0,0.0,0.0,536
2,0.00038318524926916507,0.008949442533870198,0.010421790385068831,0.00020451459422506815,4.0,0.0,0.0,0.0,539
1,0.0003609231074380514,0.0,0.010785361712311838,0.00017525393962996446,4.0,0.0,0.0,0.0,540
4,0.000414092919408097,0.004803632402795285,0.007399086634715181,0.00036854262928204376,4.0,0.0010566340533848043,0.0,0.3333333333333333,541
2,0.00041425098715484226,0.004277374585418986,0.007511139782772105,0.0003513826430614363,4.5,0.0,0.0,0.0,542
1,0.0003680227206514784,0.0,0.010020372848741828,0.00019527496635106368,4.0,0.0,0.0,0.0,545
4,0.00032198023774056083,0.014365002631289087,0.009166141394629585,0.00019199303988835488,3.75,0.0012531065055359158,0.0,0.3333333333333333,546
1,0.0003301149492090655,0.0,0.009409831027136646,0.000191405064844363,4.0,0.0,0.0,0.0,547
3,0.0004163171443204244,0.0,0.007866469111294754,0.00035057755657031395,4.0,0.0011452594618555898,0.0,0.3333333333333333,548
4,0.00041905503040237115,0.03728781407188926,0.007624188427457621,0.00036507734359099035,3.75,0.0004840043224570093,0.0,0.16666666666666666,549
2,0.00041175790914671576,0.0018143656145589836,0.008076767762968841,0.00030613665589203603,3.5,0.0,0.0,0.0,550
2,0.00042966445036080454,0.0018143656145589836,0.009413166607054742,0.00024728466590476564,2.0,0.0,0.0,0.0,551
3,0.0004521149255038786,0.01093514790292379,0.009292366361435241,0.00028960975189169157,3.0,0.0,0.0,0.0,552
1,0.000404511659575058,0.0,0.009412113038313722,0.0002156602835700398,2.0,0.0,0.0,0.0,553
2,0.00041272731155614134,0.0,0.008068339580391676,0.0003338971959384633,3.5,0.0,0.0,0.0,554
3,0.00041677604785576465,0.035898738205093685,0.007778624167892881,0.00034394902723575,3.3333333333333335,0.0018677588739124489,0.0,0.3333333333333333,555
1,0.00040073834377275694,0.0,0.007886342659260031,0.0002867762436934197,3.0,0.0,0.0,0.0,556
1,0.0004057655151024771,0.0,0.008510928114238302,0.0002590999081027836,2.0,0.0,0.0,0.0,557
3,0.00036321379633812303,0.01587034476006315,0.006808929709774908,0.00034014517212845654,3.0,0.0,0.0,0.0,561
4,0.0004242532676126927,0.0068046359642144685,0.009163296309779774,0.00029759260206175,3.25,0.0012719424843695636,0.0,0.16666666666666666,562
3,0.00045834679066427634,0.018128357953224247,0.008887633904125593,0.00031196562128847156,3.3333333333333335,0.0,0.0,0.0,563
4,0.00043115464047650354,0.00550734925161243,0.008816093031236868,0.00030728139283993643,3.25,0.003217066435097301,0.0,0.16666666666666666,564
4,0.00035296847255723954,0.0036256715906448495,0.008018581452891933,0.0002380851733609542,2.0,0.0,0.0,0.0,567
1,0.00033924364918574957,0.0,0.008168043017494079,0.00020862986811773695,4.0,0.0,0.0,0.0,568
3,0.00029057677955935323,0.0018143656145589836,0.00814622591654712,0.00017596639355992052,2.3333333333333335,0.0015674506149778663,0.0,0.3333333333333333,569
1,0.0002898236975405,0.0,0.008519175198102209,0.00015933961231975278,3.0,0.0,0.0,0.0,570
3,0.00035817178739257156,0.007229925711977872,0.008615567570265489,0.00023262968401418244,2.6666666666666665,0.0,0.0,0.0,571
1,0.00034452467006589255,0.0,0.008755732287508575,0.00020442884672947285,3.0,0.0,0.0,0.0,572
3,0.0002922433739776749,0.0018143656145589836,0.008192948351366218,0.00017596639355992047,2.3333333333333335,0.0015674506149778663,0.0,0.3333333333333333,573
3,0.00039045083069194506,0.014365002631289087,0.008355323098277868,0.000255579456106399,2.3333333333333335,0.0,0.0,0.0,574
3,0.00040611672316294455,0.0,0.00767931530309596,0.00033133969357541476,3.0,0.003965262445510112,0.0,0.6666666666666666,577
3,0.00041584878363152455,0.03449742378440563,0.007863340132964972,0.00033133969357541465,3.0,0.003965262445510112,0.0,0.6666666666666666,578
2,0.00041284870078184033,0.012728096048170948,0.008189037613410008,0.00034019920416863356,3.5,0.0,0.0,0.0,579
3,0.0004131236224592661,0.044468785568297246,0.007841173841373058,0.00037402644343044597,3.3333333333333335,0.0,0.0,0.0,580
3,0.0004971975404864094,0.005082059503849025,0.009565734536263765,0.0003299419277920166,3.0,0.0,0.0,0.0,581
1,0.00028183077000684784,0.0,0.008284228399124866,0.00015933961231975275,3.0,0.0,0.0,0.0,582
3,0.0004130424785516464,0.019924365736944522,0.008265803702043457,0.0003479022600911135,3.0,0.0,0.0,0.0,583
4,0.0004065648560341938,0.044802286161867114,0.007606688385590949,0.0003750391338247307,2.75,0.0,0.0,0.0,584
1,0.0005068393074629886,0.0,0.01027185912061205,0.00028029886392437356,3.0,0.0,0.0,0.0,585
3,0.0005148476604571782,0.007153434750149922,0.00973414263504031,0.0003361773267189517,2.3333333333333335,0.0,0.0,0.0,586
3,0.0005065689041832441,0.0049810914342361306,0.009879603994708544,0.00032440335159506347,2.3333333333333335,0.0,0.0,0.0,587
3,0.0005514743891974873,0.0878850555018419,0.009952470349270196,0.0003694192459590291,3.0,0.0,0.0,0.0,588
3,0.0004144965990278367,0.03491047497827657,0.007918553666428164,0.0003390556118516387,3.3333333333333335,0.0020975035715976634,0.0,0.3333333333333333,591
3,0.0005548985563372435,0.08731596274584195,0.009567689377551501,0.00037780486537860686,3.0,0.000757517321759835,0.0,0.3333333333333333,592
3,0.0005544476227552413,0.007875509429805774,0.009332357806189837,0.00038099123317388207,3.0,0.000757517321759835,0.0,0.3333333333333333,593
3,0.0005539329125816235,0.0313153997723629,0.009227167838354209,0.00038523315413432137,3.0,0.0007871577679114846,0.0,0.3333333333333333,594
3,0.0005535049424846573,0.007719467867676755,0.009171812959684738,0.000385910991361587,3.0,0.0007871577679114845,0.0,0.3333333333333333,595
3,0.0003633243511133672,0.017130915810987773,0.006841824991260855,0.00034923872014716784,3.6666666666666665,0.0,0.0,0.0,596
1,0.0003729788432426079,0.0,0.007485430075888403,0.0003068060243168205,4.0,0.0,0.0,0.0,597
4,0.0004127438648068493,0.03967433208092132,0.007830180521733053,0.00034903661165961716,3.0,0.0,0.0,0.0,598
3,0.0003463149082892178,0.0036256715906448495,0.007452141561983743,0.0002478086938142599,2.0,0.0,0.0,0.0,599
1,0.00031613270579509994,0.0,0.007232501955539166,0.00021605874171354614,3.0,0.0,0.0,0.0,600
3,0.00038320736980363074,0.010809702725525951,0.008710807151664385,0.00023793411047044752,2.3333333333333335,0.0,0.0,0.0,603
1,0.00036544294754346085,0.0,0.008317053356598991,0.0002219422027058154,3.0,0.0,0.0,0.0,604
3,0.0005512857132765359,0.041543771187996424,0.009562276594616276,0.0003732669909031267,2.6666666666666665,0.0,0.0,0.0,607
3,0.0003604147193606443,0.007229925711977872,0.007239887724783614,0.0002836942857569681,2.0,0.0,0.0,0.0,608
1,0.00030443386299269353,0.0,0.00652928996116277,0.00024284097565275108,3.0,0.0,0.0,0.0,609
3,0.0004543934063543996,0.001129006596580548,0.009280852291767954,0.00030822318407752253,3.3333333333333335,0.006434132870194602,0.0,0.3333333333333333,610
3,0.0004996609500934634,0.0931843493372823,0.009205278284548037,0.00036163429929035227,3.0,0.0,0.0,0.0,611
1,0.0003506949852743619,0.0,0.00844375932347083,0.00020862986811773647,4.0,0.0,0.0,0.0,614
3,0.0005015816955252759,0.02145112533503041,0.009057806074412112,0.00036291563856260346,3.3333333333333335,0.0,0.0,0.0,615
2,0.00045137020842168007,0.032505599138405804,0.008250415351449245,0.0003460163062005442,3.0,0.0,0.0,0.0,616
1,0.000483787623496346,0.0,0.010093087783645491,0.0002720657417732061,3.0,0.0,0.0,0.0,617
1,0.00036114492577184854,0.0,0.008700333117039117,0.0002085138621988797,3.0,0.0,0.0,0.0,618
3,0.00040398741430673916,0.005853088399074765,0.009229478999555743,0.00028539460575427537,3.3333333333333335,0.0025438849687391273,0.0,0.3333333333333333,619
3,0.00040207009155924275,0.004369163739612527,0.009146956698853582,0.00028446639265993737,3.0,0.0025438849687391273,0.0,0.3333333333333333,620
3,0.0004090519299016646,0.0032432167815050973,0.008867794305998178,0.00029538083076819874,3.3333333333333335,0.006434132870194602,0.0,0.3333333333333333,625
3,0.0003955078737930136,0.003610373398279259,0.00803188367879536,0.0003036533483051261,3.3333333333333335,0.0,0.0,0.0,626
2,0.0003972278838858749,0.005397202266580181,0.008070456387109607,0.00030344449324928624,3.5,0.0,0.0,0.0,627
3,0.00038150734794143646,0.003610373398279259,0.008261036044260709,0.00029320105240186577,2.6666666666666665,0.0,0.0,0.0,631
1,0.0003340058620935246,0.0,0.007641405038043379,0.00021605874171354647,3.0,0.0,0.0,0.0,633
3,0.00044870999063629504,0.033288866587524016,0.00855056185970877,0.0003486413854136518,2.3333333333333335,0.0,0.0,0.0,634
4,0.0004231543598525807,0.028261880576191115,0.00854287027981299,0.0003467595756370174,2.5,0.0,0.0,0.0,637
3,0.000415860404343462,0.012709738217332239,0.008747459470412767,0.00033385530039582197,2.6666666666666665,0.0,0.0,0.0,638
2,0.00039571556961515283,0.0,0.008344589100443842,0.0003200859965956131,3.5,0.0,0.0,0.0,639
4,0.0003485177499252438,0.009032052772644385,0.007028873929613299,0.00029016029307266604,2.0,0.0,0.0,0.0,640
1,0.0004377436653532466,0.0,0.012753768559091922,0.00020076446308102766,3.0,0.0,0.0,0.0,641
3,0.00045124624480176765,0.010087628045870099,0.01253362803316172,0.0002278962724358635,2.6666666666666665,0.0,0.0,0.0,642
1,0.0004449266090887032,0.0,0.012434607705816307,0.00020920528219614396,4.0,0.0,0.0,0.0,643
4,0.00045884289090281663,0.015313490557955672,0.012199663327419626,0.00023883482822492142,2.5,0.0,0.0,0.0,644
2,0.00042084779297518786,0.001119827681161194,0.008482794881951685,0.0003203942736041563,2.5,0.0,0.0,0.0,647
3,0.00043016455760388946,0.031223610618169355,0.008462477838234391,0.000343989076526934,3.0,0.0032452291387714514,0.0,0.3333333333333333,648
1,0.00045030034311758935,0.0,0.012062360011710887,0.00020890949395058021,3.0,0.0,0.0,0.0,659
3,0.0004644521112525317,0.01833641336939627,0.011809951638315183,0.00023844939958711438,3.0,0.0,0.0,0.0,660
3,0.00036707354695294093,0.0018143656145589836,0.007948491211598793,0.0002742960748237902,3.0,0.0,0.0,0.3333333333333333,662
2,0.0004286142836888228,0.0009484879266665851,0.008643270708374277,0.0003139410849974158,3.0,0.0,0.0,0.0,663
1,0.0004592053184564081,0.0,0.011222742625316933,0.00021814267400083895,3.0,0.0,0.0,0.0,664
3,0.0004705487866962731,0.024749415609051632,0.010860184806226435,0.00025055398861645117,2.6666666666666665,0.0,0.0,0.0,665
1,0.0003319529779631973,0.0,0.00714614032204207,0.0002475633004617648,4.0,0.0,0.0,0.0,666
1,0.0003408407864608235,0.0,0.007337473224277749,0.0002475633004617649,4.0,0.0,0.0,0.0,667
1,0.0003265177108192927,0.0,0.00795372253747642,0.00023376343694168298,3.0,0.0,0.0,0.0,668
3,0.00035216146170695043,0.0018143656145589836,0.008099564904112328,0.0002713830170268488,2.3333333333333335,0.0,0.0,0.0,669
3,0.00043724518766663956,0.005354367327956529,0.01210062883845554,0.00023553648853036368,3.0,0.002000726321069361,0.0,0.3333333333333333,670
3,0.0004491984068980038,0.006795457048795114,0.012962881961357642,0.0002323035491144286,3.0,0.002000726321069361,0.0,0.3333333333333333,671
3,0.0004329211101067626,0.003729699298730862,0.012364113826591609,0.00023564750030942574,3.3333333333333335,0.002000726321069361,0.0,0.3333333333333333,672
2,0.000371997110485999,0.003010684257548128,0.008887567600904285,0.0002638802345615653,3.0,0.0,0.0,0.0,673
4,0.0004310865940904987,0.008842355187311067,0.0082928175363489,0.00032671766437965597,2.25,0.0,0.0,0.0,676
3,0.00041263881557582595,0.0012146764738278524,0.008383559412183767,0.00033688936005604774,3.0,0.0032452291387714514,0.0,0.3333333333333333,677
3,0.0004248285886692156,0.02870246851632011,0.008536733725122939,0.0003395504125348342,3.3333333333333335,0.0032452291387714514,0.0,0.3333333333333333,678
3,0.00040364854570929486,0.0019918246459998284,0.009221737222230604,0.00027821935474918626,2.3333333333333335,0.0,0.0,0.0,679
1,0.00038408405464578966,0.0,0.009296991435682703,0.0002388181608268581,3.0,0.0,0.0,0.0,683
1,0.00037064457973942747,0.0,0.007634044457418219,0.0002736916631244812,4.0,0.0,0.0,0.0,684
3,0.0003878181857205131,0.0036256715906448495,0.007984206733649203,0.0002739916200131355,2.0,0.0,0.0,0.0,685
3,0.00044542963830303126,0.0006302855254623113,0.011800138532154194,0.0002429409750092248,3.3333333333333335,0.0,0.0,0.0,687
1,0.0004632794947844649,0.0,0.011849179665157328,0.0002195396648689891,4.0,0.0,0.0,0.0,688
4,0.00046614260635091263,0.021854997613481992,0.011288613266495417,0.00025239869976285766,2.75,0.0,0.0,0.0,689
3,0.0004197968268780213,0.012856600864041905,0.008839885876046174,0.00033502061742922125,3.3333333333333335,0.0,0.0,0.0,692
4,0.00045208664203436917,0.04503481868582408,0.0109129755676187,0.0002611422840328199,3.5,0.0,0.0,0.0,695
3,0.0004081872481359563,3.365602320429818e-05,0.008468132732763985,0.0003346554229202602,3.0,0.0,0.0,0.0,696
3,0.00047575904794577655,0.08158220024721878,0.01039574429786334,0.00026795856390465187,3.3333333333333335,0.0,0.0,0.0,697
4,0.00046007091318199246,0.054131123866403945,0.010580381845121377,0.0002665048100173352,3.75,0.0014842068527111732,0.0,0.16666666666666666,702
3,0.0004820676390438065,0.08626956638803558,0.009979832751639748,0.0002872442958488792,3.3333333333333335,0.0,0.0,0.0,703
4,0.000465469386847639,0.0018143656145589836,0.010173040857804308,0.00026768140289480294,3.0,0.0014842068527111732,0.0,0.16666666666666666,708
3,0.0004928774357343757,0.08928942956100307,0.009646482357995676,0.00031638532334225843,2.3333333333333335,0.0,0.0,0.0,709
1,0.0004543470208800794,0.0,0.00951013152987202,0.0002664036111069624,3.0,0.0,0.0,0.0,710
1,0.0003602563585109868,0.0,0.007906603792432567,0.00023569637316252183,3.0,0.0,0.0,0.0,711
4,0.0004213769165989277,0.0023008481317847483,0.012303005497399171,0.00023729917381417478,2.5,0.0005399176854461385,0.0,0.16666666666666666,712
1,0.0003078708268091839,0.0,0.009596026425568914,0.00016214295535738749,4.0,0.0,0.0,0.0,713
4,0.0003181530398667971,0.0036256715906448495,0.009483932779218553,0.00017939159588673613,2.75,0.00035581448467120625,0.0,0.16666666666666666,714
3,0.0004021233473793339,0.016598538716665237,0.008281480268692515,0.00032488878382529217,2.6666666666666665,0.0,0.0,0.0,715
3,0.00044574539339101296,0.044046555459006966,0.011283181355408059,0.00025050951217035983,3.3333333333333335,0.0,0.0,0.0,724
3,0.0003418036884501198,0.0,0.011159953008013729,0.00015375774201594023,1.6666666666666667,0.0,0.5,2.0,725
2,0.00037927484978284286,0.0018143656145589836,0.01186770843922968,0.000169183624197225,3.0,0.0,0.0,1.0,726
3,0.00044183313393670866,0.04241882779130818,0.011709926705030387,0.00024191604152964976,2.6666666666666665,0.0,0.0,0.0,728
1,0.00032563913105025736,0.0,0.00844974367494097,0.00019165741938899505,3.0,0.0,0.0,0.0,729
3,0.0003277190251514429,0.0018143656145589836,0.008058126693451847,0.00021623290527150927,2.3333333333333335,0.0037943141960372424,0.0,0.3333333333333333,730
3,0.0004329052265674743,0.0036409697830104394,0.010464841799572643,0.00025402443515807347,3.6666666666666665,0.0,0.0,0.0,733
2,0.00031578930942443927,0.0,0.009416367760017261,0.00017932725628135553,4.5,0.005383752125188257,0.0,1.0,734
5,0.00031920497267750263,0.008125634874983172,0.009513826425949732,0.0001818174497454342,3.0,0.0009898608233400324,0.0,0.3,735
4,0.00041504483554327654,0.030966600986427444,0.012227564855466869,0.0002441204384167709,3.0,0.0005399176854461385,0.0,0.16666666666666666,736
2,0.0004140721585088217,0.00044135284974727385,0.012487528201773698,0.00022921654454978113,4.0,0.003239506112676831,0.0,1.0,737
1,0.00041524904764987533,0.0,0.012688686706986191,0.00020802607525132944,4.0,0.0,0.0,0.0,738
2,0.00038094960738460496,0.01434358516197726,0.008349406844155517,0.00027359957995362947,3.0,0.0,0.0,0.0,739
2,0.00043478522409135683,0.03572433881212596,0.012039528368542936,0.0002305692968039966,3.0,0.0,0.0,0.0,740
3,0.0004221192368815073,0.035051218348039995,0.012056583004769484,0.00023561019578329014,2.6666666666666665,0.0,0.0,0.0,741
4,0.0004390770354733362,0.0067006082561284555,0.010112680725480667,0.00025964136478260334,3.0,0.0014842068527111732,0.0,0.16666666666666666,742
3,0.00031402779951144667,0.0018143656145589836,0.009784333027119932,0.00016968262030472948,2.6666666666666665,0.000793323066728276,0.0,0.3333333333333333,743
2,0.0003146563865896828,0.0016690327870858778,0.009804639712633675,0.00016966342768141022,4.0,0.002379969200184828,0.0,1.0,744
3,0.00033516721391454177,0.01260265087077311,0.007790932610800741,0.00023618459628552672,2.6666666666666665,0.0037943141960372433,0.0,0.3333333333333333,747
3,0.0003224326734089685,0.007220746796558518,0.00792592524435885,0.00021632645906897232,3.0,0.0037943141960372433,0.0,0.3333333333333333,748
1,0.00030342143334726823,0.0,0.009457343271725437,0.00016214295535738749,4.0,0.0,0.0,0.0,749
2,0.0003357826657894124,0.003622611952171731,0.007198558116039701,0.00024307709196543802,2.5,0.0,0.0,0.0,750
3,0.00042752793327456345,0.00405708061535449,0.011342558310884543,0.00023952681347586685,3.0,0.0,0.0,0.0,751
1,0.0004598617068718119,0.0,0.010675738087101006,0.00023101173804296926,4.0,0.0,0.0,0.0,752
1,0.00030863086023138163,0.0,0.010035810726738134,0.0001541697804407533,3.0,0.0,0.0,0.0,753
1,0.0003769718177468359,0.0,0.008273460643849906,0.00023569637316252183,3.0,0.0,0.0,0.0,755
1,0.00037353549504072145,0.0,0.012194289381234744,0.00015380503944709972,3.0,0.0,0.0,0.0,757
3,0.0003844849097068139,0.0036256715906448495,0.012028970807106206,0.00016924088977142166,1.6666666666666667,0.0,0.0,0.0,758
1,0.00036769801029488784,0.0,0.012003721204463542,0.00015380503944709972,3.0,0.0,0.0,0.0,759
3,0.00039016006411814847,0.009028993134171265,0.011679616609063068,0.00018797919841566054,2.6666666666666665,0.0,0.0,0.0,760
3,0.00034435326059651495,0.0,0.00792471687802617,0.0002359216344882488,2.0,0.0,0.5,2.0,761
3,0.000396402744372004,0.012590412316880637,0.011336610003844769,0.00021111577112471928,2.6666666666666665,0.0,0.0,0.0,764
1,0.00038415870535149374,0.0,0.011508771423820691,0.0001876264996256429,3.0,0.0,0.0,0.0,768
4,0.00040303010572151604,0.024755534885997868,0.010991097344540905,0.0002405154217949644,2.5,0.0,0.0,0.0,769
3,0.0003873394281789792,0.00822124857726811,0.010125355598410735,0.00024436728417301807,3.6666666666666665,0.0,0.0,0.3333333333333333,770
1,0.00038998056796365506,0.0,0.011165462333489747,0.00021049363176928873,4.0,0.0,0.0,0.0,771
3,0.00040919188882756195,0.027613237219890098,0.011622614804344887,0.00024012773780280531,3.0,0.0,0.0,0.0,772
3,0.0003163331949829199,0.005430858289784479,0.008201743804524732,0.00019195173117655132,2.0,0.0,0.0,0.0,773
1,0.0003959586269595892,0.0,0.01178510866147163,0.00021019663117139011,3.0,0.0,0.0,0.0,774
1,0.0004045000842154014,0.0,0.012362087577821514,0.00020610755451113926,3.0,0.0,0.0,0.0,778
3,0.0004189038814809884,0.03356423405010464,0.01223272088489942,0.00023480595641809507,2.6666666666666665,0.0,0.0,0.0,779
3,0.00042441202706437205,0.0024966649940643014,0.011762017907588214,0.00022983378009091982,2.3333333333333335,0.0,0.0,0.0,780
1,0.0004091683556830247,0.0,0.011895889571356521,0.00020226657853832797,3.0,0.0,0.0,0.0,783
3,0.0004301613759483314,0.0022212975314836797,0.010919277295506404,0.000239387127670666,2.3333333333333335,0.0,0.0,0.0,784
1,0.0004104326576117647,0.0,0.0109765295870386,0.00020962892517061016,3.0,0.0,0.0,0.0,786
2,0.00030886572809473264,0.0018143656145589836,0.008426666719288201,0.0001723946799362513,2.0,0.0,0.0,0.0,789
1,0.0003070326594962101,0.0,0.008378063762364092,0.0001723352605720752,3.0,0.0,0.0,0.0,790
3,0.0003741469133323607,0.004375283016558764,0.009359282343595747,0.0002508140118947387,3.0,0.0,0.0,0.3333333333333333,791
1,0.0004224771536954831,0.0,0.01030478289193606,0.00022499888704516786,4.0,0.0,0.0,0.0,792
4,0.0003695011827089366,0.0,0.009742923775727509,0.00022872601023505313,2.25,0.0,0.2777777777777778,1.0,796
2,0.00037899621884493874,0.0,0.01046340571293613,0.00022134102050737966,4.0,0.0,0.0,2.0,801
4,0.00038414745384023063,0.0018113059760858656,0.010561582446999592,0.00022600736448758404,2.25,0.0,0.2777777777777778,1.0,804
1,0.00030453178806720885,0.0,0.008722485169022657,0.00015640535357083884,2.0,0.0,0.0,0.0,806
2,0.0003265666484055525,0.0018143656145589836,0.007443505857978988,0.00021254341127667446,1.5,0.0,0.0,0.0,808
1,0.0003178566140184654,0.0,0.007677153045055057,0.00018875327957932486,2.0,0.0,0.0,0.0,809
